Товарный39 1983 7  19 9 27 113 0 22
Пассажирский5 1982 8  17 8 58 114 0 10
Товарный33 1984 7  18 7 36 101 0 21
Скорый2 1983 8  18 6 25 114 0 12
Товарный40 1983 6  10 4 43 115 1 10
Товарный5 1982 8  12 5 29 108 0 22
Товарный3 1982 7  21 6 11 112 2 17
Скорый3 1984 7  14 8 10 109 2 22
Скорый7 1982 7  11 9 53 114 1 17
Товарный31 1983 6  19 5 19 102 0 23
Товарный4 1983 6  18 6 33 121 2 19
Товарный11 1984 8  10 7 16 117 1 23
Товарный24 1984 8  14 9 10 110 1 11
Пассажирский6 1984 8  13 9 1 110 0 13
Скорый20 1982 8  18 9 0 104 0 12
Товарный39 1982 6  11 7 10 103 1 11
Пассажирский30 1984 8  11 4 27 122 1 22
Пассажирский8 1983 8  20 8 19 99 2 15
Пассажирский6 1983 6  17 5 4 111 1 18
Пассажирский22 1982 6  14 8 30 115 0 8
Товарный12 1983 6  19 9 23 109 0 10
Скорый31 1983 8  10 9 30 112 0 22
Товарный2 1982 8  12 4 41 107 1 18
Скорый28 1982 6  12 8 25 99 0 3
Пассажирский5 1982 8  10 4 51 103 0 19
Пассажирский33 1984 8  15 8 17 101 1 16
Товарный9 1984 7  13 8 47 104 0 9
Товарный3 1983 6  12 6 55 116 1 18
Скорый5 1983 6  12 6 25 102 0 18
Пассажирский25 1982 8  13 8 48 110 0 23
Скорый4 1983 6  18 5 41 100 1 2
Товарный28 1983 6  12 8 32 113 0 11
Пассажирский21 1984 8  21 8 0 105 0 12
Товарный35 1984 8  17 8 48 118 2 15
Скорый21 1984 8  10 6 19 108 1 19
Пассажирский34 1982 7  20 7 20 119 0 20
Пассажирский11 1984 7  17 5 11 103 2 18
Товарный11 1982 8  15 6 33 105 0 4
Скорый4 1983 8  15 7 11 122 2 0
Скорый8 1982 7  19 5 8 122 2 1
Пассажирский31 1983 8  16 9 30 117 2 23
Пассажирский23 1982 8  21 5 22 112 0 17
Скорый35 1983 6  15 6 9 115 2 14
Скорый14 1984 8  12 8 38 105 1 1
Скорый16 1984 7  11 4 44 118 0 21
Товарный16 1984 7  12 7 37 118 1 9
Скорый35 1983 6  16 8 39 116 1 9
Скорый16 1983 8  13 8 37 109 2 9
Пассажирский37 1982 8  17 6 23 111 2 9
Скорый37 1983 8  21 6 17 119 2 18
Пассажирский5 1984 8  11 5 9 99 0 15
Пассажирский6 1983 8  15 7 59 99 1 0
Товарный20 1982 6  15 6 39 111 0 2
Скорый8 1983 7  18 5 54 101 2 22
Скорый18 1984 7  12 5 1 122 1 3
Скорый29 1983 6  13 6 21 118 0 1
Скорый23 1983 6  20 6 11 104 2 6
Скорый23 1982 7  11 4 24 111 2 17
Пассажирский27 1983 6  12 6 1 113 2 11
Пассажирский5 1982 7  21 6 51 108 1 12
Скорый1 1984 8  21 9 10 111 0 5
Товарный36 1982 8  17 4 20 102 0 13
Скорый9 1982 6  18 4 1 106 2 18
Товарный25 1982 8  10 8 45 115 1 13
Скорый22 1984 7  11 6 16 100 0 11
Скорый6 1983 8  10 6 6 101 1 8
Скорый39 1984 6  15 7 57 122 0 7
Скорый11 1984 6  16 7 39 120 1 3
Скорый8 1983 6  12 9 6 112 2 19
Товарный38 1984 8  15 6 1 102 2 12
Товарный19 1983 7  10 8 9 100 2 3
Пассажирский13 1982 7  18 7 42 115 0 2
Скорый11 1983 6  18 7 53 106 1 7
Пассажирский34 1982 8  13 7 6 105 0 15
Пассажирский9 1983 8  12 5 32 113 2 7
Пассажирский40 1982 7  15 6 32 110 0 2
Скорый10 1983 6  12 6 48 120 1 8
Скорый38 1983 7  13 7 37 120 1 9
Скорый40 1983 6  17 8 31 119 0 20
Товарный17 1982 8  10 6 32 101 1 22
Скорый39 1984 6  11 9 50 103 0 12
Скорый22 1982 8  12 5 47 115 1 9
Пассажирский10 1982 6  10 9 36 122 0 17
Товарный23 1982 6  11 7 32 118 2 14
Товарный15 1983 6  18 4 53 107 0 3
Пассажирский13 1982 6  20 5 2 120 1 0
Пассажирский32 1982 7  21 9 20 119 1 1
Пассажирский39 1983 6  15 8 45 105 0 6
Пассажирский35 1982 7  10 8 17 108 1 2
Скорый17 1983 7  16 7 24 103 0 20
Пассажирский28 1984 7  12 6 41 104 1 18
Скорый8 1982 6  16 8 23 113 0 21
Товарный1 1982 7  19 6 46 123 1 1
Пассажирский36 1983 7  20 4 37 110 0 22
Скорый13 1983 7  21 7 38 99 1 8
Товарный31 1982 7  14 8 42 119 1 22
Скорый16 1983 7  13 6 5 106 2 20
Скорый5 1982 7  11 9 32 112 2 4
Скорый15 1983 7  16 5 42 118 1 23
Скорый28 1983 7  11 5 6 115 0 10
Пассажирский24 1982 8  12 7 31 123 0 5
Скорый13 1982 6  14 9 34 111 0 0
Товарный24 1982 6  17 7 29 104 0 4
Товарный2 1983 6  20 7 8 101 2 11
Пассажирский32 1982 8  20 4 27 118 1 23
Товарный2 1983 7  16 5 10 115 2 16
Скорый21 1984 7  14 9 24 106 0 13
Скорый19 1984 6  17 4 30 101 2 11
Товарный6 1983 6  14 9 35 109 1 13
Скорый24 1984 6  17 4 6 101 0 12
Товарный26 1982 7  15 9 10 99 2 4
Пассажирский26 1984 7  10 7 43 104 1 3
Скорый35 1984 8  21 7 27 110 2 2
Скорый27 1983 6  14 8 53 116 1 11
Скорый5 1984 7  17 8 18 120 0 1
Скорый40 1983 7  20 8 49 111 1 5
Пассажирский20 1983 8  14 8 41 112 0 14
Скорый14 1982 8  20 8 51 117 2 14
Пассажирский12 1982 8  14 9 26 107 2 13
Пассажирский40 1984 7  12 6 34 102 1 11
Пассажирский34 1984 6  20 7 6 109 2 7
Скорый7 1982 8  16 8 28 123 2 10
Пассажирский19 1982 7  12 9 39 108 1 7
Пассажирский11 1984 6  13 8 27 108 1 21
Пассажирский26 1983 8  21 9 20 118 0 14
Товарный24 1984 6  20 9 5 102 1 11
Скорый7 1982 7  17 5 38 107 2 2
Товарный36 1982 6  17 5 20 116 0 14
Товарный6 1983 8  11 5 49 99 0 6
Скорый24 1984 6  17 9 26 99 0 4
Товарный37 1984 7  21 6 48 107 1 13
Товарный29 1982 8  19 8 1 109 1 23
Пассажирский18 1983 8  12 4 51 120 0 0
Пассажирский32 1982 6  16 4 46 114 1 8
Скорый28 1984 7  12 9 15 119 0 10
Товарный40 1984 8  12 9 46 106 0 12
Товарный40 1982 8  15 6 30 122 0 2
Товарный39 1982 7  17 9 19 114 2 12
Пассажирский30 1982 8  20 7 56 101 1 0
Скорый6 1983 6  10 9 45 114 1 10
Скорый28 1982 8  12 7 44 112 2 11
Скорый30 1984 7  10 7 47 102 1 10
Пассажирский28 1984 8  21 7 3 106 1 18
Скорый12 1983 8  19 5 15 118 2 15
Скорый17 1983 7  16 8 50 104 0 8
Скорый4 1982 8  21 4 43 100 1 0
Скорый7 1983 6  20 5 29 107 0 13
Товарный9 1983 8  16 8 27 108 0 18
Пассажирский27 1984 7  10 8 52 122 1 2
Товарный3 1984 7  18 6 36 122 2 7
Товарный7 1982 8  15 5 1 122 1 21
Товарный34 1982 7  11 4 22 103 0 14
Товарный2 1982 8  19 6 21 112 0 14
Пассажирский17 1982 8  18 5 53 116 2 12
Товарный16 1983 7  20 9 59 115 0 9
Скорый14 1982 8  20 9 56 119 0 20
Пассажирский5 1982 7  19 6 48 121 0 12
Пассажирский17 1982 6  15 9 10 113 0 18
Товарный40 1984 8  14 9 0 103 1 2
Товарный34 1983 6  21 7 29 104 1 14
Скорый21 1982 8  18 9 28 117 2 17
Товарный31 1983 7  10 9 28 99 2 23
Пассажирский34 1983 6  14 9 13 116 1 0
Скорый14 1982 6  14 4 25 110 1 20
Пассажирский14 1982 8  12 5 8 121 0 21
Товарный23 1983 8  19 8 19 120 0 10
Товарный30 1982 8  11 8 0 111 1 22
Скорый38 1983 7  14 8 29 112 0 19
Пассажирский18 1984 7  17 8 20 100 1 5
Товарный15 1983 7  16 7 19 119 0 12
Товарный39 1984 7  15 4 33 122 0 17
Пассажирский18 1982 7  16 6 32 119 0 9
Скорый37 1983 7  10 9 35 123 0 10
Товарный9 1984 8  14 9 36 120 0 12
Товарный3 1982 8  11 6 42 100 0 4
Товарный38 1984 6  19 7 55 110 2 2
Пассажирский1 1983 8  18 9 31 118 1 16
Товарный26 1984 7  15 5 22 113 2 0
Товарный7 1983 6  19 7 11 111 1 23
Скорый27 1982 6  10 4 48 110 2 23
Пассажирский4 1984 6  14 5 0 118 1 15
Пассажирский37 1983 8  11 6 21 99 0 19
Скорый24 1983 6  20 5 3 113 1 11
Товарный4 1984 8  13 4 59 113 1 1
Товарный29 1982 6  14 8 6 122 1 22
Скорый8 1984 6  19 6 50 104 0 9
Скорый3 1984 8  20 9 33 115 0 8
Пассажирский18 1984 8  18 8 28 117 0 18
Товарный11 1983 7  13 5 10 110 1 4
Скорый21 1982 7  12 8 12 99 2 5
Скорый38 1983 6  14 6 56 109 0 0
Товарный8 1982 8  20 8 23 119 2 13
Пассажирский22 1982 8  21 8 4 104 0 5
Пассажирский27 1983 8  21 9 7 113 0 21
Товарный29 1982 6  11 7 20 100 0 1
Пассажирский8 1982 6  11 5 13 99 1 1
Скорый12 1984 8  12 6 48 112 0 3
Товарный27 1982 8  13 7 41 109 1 0
Пассажирский30 1984 8  14 7 39 118 0 6
Скорый4 1982 8  15 6 44 114 0 18
Товарный38 1982 8  20 4 16 111 0 17
Пассажирский12 1982 8  14 9 56 114 1 6
Скорый13 1983 8  13 8 40 99 2 7
Скорый13 1984 8  17 8 18 117 2 7
Скорый40 1983 6  21 4 40 100 1 18
Скорый15 1984 7  21 9 25 102 1 16
Скорый9 1984 6  14 9 43 112 0 20
Пассажирский8 1984 8  17 4 55 106 2 13
Товарный36 1983 8  17 5 7 112 1 8
Товарный11 1983 7  15 5 33 107 0 4
Пассажирский13 1984 8  15 7 56 117 0 6
Товарный20 1984 8  14 9 38 121 0 11
Скорый39 1984 6  11 5 55 116 0 22
Товарный3 1983 6  17 8 14 119 0 18
Пассажирский31 1984 7  18 8 7 122 1 23
Пассажирский30 1983 6  20 4 0 111 0 20
Скорый11 1983 6  21 8 5 114 0 23
Пассажирский19 1982 7  17 8 43 119 1 2
Пассажирский21 1983 6  13 5 10 116 0 20
Скорый21 1984 6  17 6 58 112 2 0
Скорый11 1982 7  20 6 22 119 1 4
Скорый22 1983 6  12 9 33 101 0 20
Скорый3 1984 6  15 7 11 121 1 18
Пассажирский22 1984 7  21 5 37 110 2 11
Пассажирский34 1984 7  12 7 47 118 0 18
Пассажирский3 1982 7  18 5 38 105 2 14
Товарный22 1982 7  13 4 5 102 2 7
Товарный33 1983 8  11 6 41 99 2 12
Товарный5 1984 7  13 9 54 121 0 18
Скорый19 1982 8  21 5 46 120 0 9
Скорый20 1982 8  14 6 52 101 1 4
Товарный10 1984 7  17 9 39 117 1 16
Скорый28 1982 6  11 8 51 103 2 23
Пассажирский29 1983 8  17 5 49 104 2 4
Скорый10 1984 8  16 7 46 100 0 10
Товарный1 1984 6  12 4 22 102 1 4
Пассажирский13 1983 7  11 4 28 115 0 19
Пассажирский2 1982 7  13 8 11 112 2 16
Товарный21 1982 7  13 5 39 114 0 17
Скорый3 1982 7  21 6 47 113 2 15
Пассажирский25 1984 6  17 8 9 109 2 3
Скорый10 1984 7  13 5 28 111 0 11
Скорый17 1982 8  15 9 26 112 1 18
Товарный30 1982 6  21 7 21 116 2 6
Пассажирский21 1983 6  15 8 13 112 0 14
Пассажирский13 1984 7  18 6 20 122 2 5
Пассажирский5 1983 6  20 5 9 101 0 7
Товарный25 1982 8  18 9 5 110 0 21
Скорый26 1984 6  20 4 6 112 2 2
Скорый26 1983 7  18 4 36 103 0 5
Товарный20 1984 7  18 5 49 117 1 6
Скорый25 1984 8  16 7 19 121 1 5
Скорый30 1983 6  19 9 25 117 1 6
Скорый27 1983 6  17 8 35 106 1 5
Пассажирский14 1982 8  16 6 3 101 1 18
Скорый29 1983 7  17 9 24 118 0 0
Товарный8 1984 6  19 7 40 116 0 9
Пассажирский23 1982 8  13 8 54 102 2 2
Скорый21 1983 6  15 8 53 117 2 1
Скорый3 1983 7  13 9 37 101 1 23
Товарный32 1984 8  10 7 42 103 0 10
Пассажирский15 1983 7  11 5 56 106 1 14
Скорый9 1983 8  10 7 43 117 2 7
Товарный33 1984 6  18 4 27 118 1 21
Пассажирский13 1983 8  11 9 15 111 0 6
Товарный10 1982 7  19 6 50 115 1 14
Скорый21 1983 8  11 4 14 114 0 10
Товарный13 1982 8  17 8 53 117 0 17
Скорый5 1982 8  10 5 22 116 0 22
Пассажирский34 1982 6  20 5 37 112 1 11
Скорый15 1982 6  16 9 5 102 0 4
Товарный21 1982 6  20 8 51 123 2 8
Товарный24 1984 7  20 9 21 99 0 6
Товарный4 1983 8  10 8 7 120 2 21
Пассажирский35 1983 7  11 6 7 107 0 12
Скорый25 1982 8  10 6 39 101 0 16
Товарный29 1982 7  21 7 48 112 0 15
Скорый35 1982 7  10 4 54 112 0 19
Пассажирский25 1984 8  14 4 53 101 1 13
Скорый19 1984 7  18 8 59 122 0 6
Скорый28 1983 6  16 4 2 110 2 5
Пассажирский29 1982 6  17 6 53 112 1 12
Пассажирский10 1984 7  19 7 26 123 1 13
Товарный30 1983 7  20 9 9 106 0 17
Товарный10 1983 7  18 5 14 107 2 18
Товарный13 1983 7  17 5 41 118 2 18
Товарный39 1982 7  21 6 34 115 2 23
Скорый12 1984 8  18 6 26 104 0 13
Товарный1 1983 8  19 6 51 115 0 17
Пассажирский24 1984 7  15 9 9 116 0 10
Товарный3 1984 6  21 4 39 114 2 10
Скорый38 1983 7  20 6 26 109 2 17
Товарный5 1982 6  11 4 33 108 2 12
Пассажирский8 1983 7  15 4 6 102 0 13
Товарный20 1983 7  11 8 29 121 1 8
Товарный24 1984 6  17 4 14 102 0 17
Скорый24 1982 6  19 8 54 116 0 15
Скорый12 1982 8  16 4 40 111 0 18
Скорый22 1982 7  10 6 25 105 2 23
Пассажирский26 1983 8  20 8 17 100 2 21
Товарный14 1982 8  21 4 58 108 0 10
Скорый37 1982 7  13 8 39 110 2 2
Скорый31 1984 8  11 5 17 115 0 11
Скорый24 1984 8  20 5 40 106 1 0
Скорый10 1983 7  20 9 23 111 2 19
Скорый34 1982 6  12 8 27 103 1 2
Скорый12 1983 8  19 4 58 120 2 3
Товарный11 1982 8  13 5 6 113 1 10
Товарный23 1984 8  18 7 18 115 2 1
Товарный22 1983 6  11 4 52 114 0 4
Пассажирский27 1982 6  16 9 0 112 2 16
Пассажирский38 1982 6  12 5 29 120 2 6
Пассажирский16 1983 7  16 9 40 120 0 18
Пассажирский37 1983 6  19 8 47 105 0 6
Товарный7 1983 6  17 9 54 117 0 9
Пассажирский34 1984 7  14 6 22 103 0 4
Пассажирский9 1984 7  13 6 41 106 0 22
Товарный34 1984 7  15 6 19 111 0 10
Пассажирский39 1984 7  11 7 32 107 2 1
Товарный11 1982 6  14 6 57 117 1 1
Товарный19 1983 6  19 6 25 106 0 18
Скорый28 1984 8  11 7 1 107 2 5
Товарный23 1983 8  16 5 39 105 0 23
Товарный8 1983 6  11 7 55 122 2 10
Пассажирский36 1982 8  13 5 26 107 2 23
Скорый21 1983 8  10 6 36 116 1 8
Товарный21 1983 7  19 7 28 108 1 21
Скорый31 1983 8  11 9 14 117 2 5
Пассажирский29 1983 8  15 6 15 113 2 16
Товарный9 1982 6  10 4 10 110 2 18
Пассажирский13 1983 7  14 5 49 100 0 10
Скорый39 1983 7  10 5 53 102 1 8
Товарный26 1983 8  21 6 48 99 0 15
Пассажирский21 1984 7  20 8 17 117 2 19
Скорый22 1984 7  19 7 59 116 0 8
Пассажирский35 1982 6  19 9 41 99 0 15
Скорый37 1984 8  20 4 36 123 0 16
Товарный37 1982 6  21 9 27 115 0 10
Пассажирский35 1983 6  20 5 23 122 0 23
Товарный22 1983 8  18 7 9 120 2 19
Скорый12 1983 8  11 4 30 116 1 13
Скорый21 1983 7  15 8 31 113 0 17
Скорый3 1982 8  15 5 29 113 0 16
Скорый10 1983 7  13 4 3 115 1 13
Скорый6 1982 7  16 9 0 114 1 16
Скорый25 1983 8  18 7 33 114 2 12
Пассажирский25 1983 7  18 9 0 105 2 10
Скорый7 1983 7  11 9 52 122 0 23
Товарный10 1982 7  21 5 59 106 1 4
Товарный20 1983 8  16 5 46 107 1 5
Скорый21 1984 6  16 7 11 109 1 17
Товарный34 1982 8  16 6 40 106 0 12
Пассажирский16 1984 6  19 6 37 121 0 21
Товарный21 1982 7  21 7 53 106 1 3
Пассажирский9 1982 6  11 7 57 101 0 10
Товарный35 1983 6  15 8 12 106 0 19
Скорый6 1984 8  14 6 41 107 2 11
Товарный14 1982 8  19 7 7 101 0 6
Скорый12 1983 8  20 4 6 101 1 0
Скорый22 1983 7  15 6 34 118 1 8
Скорый20 1982 6  11 9 19 121 2 3
Скорый19 1983 7  19 5 0 99 0 5
Товарный11 1982 6  10 5 48 103 2 10
Пассажирский11 1984 7  10 8 57 99 2 10
Товарный40 1982 7  21 5 5 100 2 6
Пассажирский33 1984 8  10 7 20 108 1 0
Пассажирский27 1982 7  11 6 52 117 0 19
Скорый31 1984 7  21 8 26 113 0 6
Товарный11 1984 7  20 8 47 113 1 0
Товарный20 1983 8  21 8 3 118 1 6
Скорый24 1982 8  21 4 14 107 1 8
Скорый1 1983 6  18 4 28 104 1 3
Скорый3 1982 6  17 8 0 123 1 1
Пассажирский16 1982 7  21 7 1 118 1 16
Товарный18 1982 8  10 9 0 102 0 13
Товарный29 1983 7  16 8 29 102 1 12
Товарный39 1984 8  12 9 51 119 2 0
Товарный17 1983 7  20 8 23 106 0 4
Скорый2 1983 6  20 8 52 114 0 1
Скорый20 1983 6  10 9 27 108 0 9
Скорый21 1984 7  21 6 59 112 2 3
Скорый27 1982 6  10 6 20 120 2 20
Скорый17 1983 6  14 5 29 123 2 22
Пассажирский2 1984 7  17 7 40 123 1 22
Товарный23 1983 8  15 7 15 113 1 17
Пассажирский18 1984 6  13 6 29 108 0 4
Пассажирский1 1984 7  10 8 58 112 0 18
Пассажирский30 1983 6  18 9 30 109 0 2
Пассажирский26 1982 8  12 6 34 121 2 16
Пассажирский35 1982 7  18 6 30 99 0 0
Товарный26 1982 8  17 8 35 111 1 0
Скорый30 1983 7  17 5 35 99 2 18
Скорый22 1982 8  19 5 48 112 0 15
Пассажирский18 1983 6  14 9 54 107 2 11
Пассажирский7 1982 6  10 5 45 121 2 23
Товарный33 1983 6  16 5 50 113 0 4
Скорый33 1984 6  17 5 28 120 0 13
Пассажирский25 1984 8  13 5 39 102 0 8
Пассажирский22 1984 6  15 6 7 115 0 10
Скорый35 1983 8  12 6 8 107 0 12
Товарный20 1983 8  16 9 24 121 2 16
Скорый40 1983 7  18 7 31 112 2 13
Товарный20 1982 8  10 6 4 104 1 15
Скорый12 1984 7  19 7 40 118 0 10
Скорый36 1984 7  19 8 36 117 2 23
Товарный23 1984 8  13 7 16 112 0 19
Пассажирский38 1983 8  13 7 26 123 0 16
Скорый25 1983 6  17 9 32 122 1 18
Пассажирский26 1983 6  16 4 55 115 1 8
Товарный5 1984 7  16 5 33 119 1 8
Скорый1 1982 8  18 8 18 106 1 13
Скорый33 1983 7  16 8 49 113 1 10
Скорый35 1984 7  17 7 45 106 2 4
Скорый37 1984 8  19 4 35 121 0 6
Пассажирский11 1984 6  16 4 25 116 0 8
Товарный25 1984 7  15 5 39 101 2 8
Пассажирский25 1983 8  20 9 35 102 0 22
Товарный4 1982 7  20 5 6 121 2 9
Товарный24 1984 6  13 5 37 109 2 15
Скорый34 1983 6  19 9 39 103 2 18
Товарный40 1983 6  14 8 26 114 2 23
Товарный20 1983 6  11 4 9 120 1 12
Пассажирский22 1984 8  18 5 9 122 2 21
Товарный22 1982 6  21 6 24 99 2 3
Скорый2 1984 8  20 8 44 114 2 20
Скорый20 1982 8  11 6 41 105 2 20
Скорый17 1984 6  18 8 9 114 0 18
Пассажирский30 1983 7  13 8 54 111 2 13
Пассажирский3 1983 6  21 7 25 121 1 6
Скорый14 1983 8  11 7 10 107 0 4
Товарный24 1984 7  11 6 32 116 1 7
Товарный14 1982 7  14 6 18 115 0 1
Пассажирский38 1982 6  13 4 16 114 2 17
Товарный31 1982 6  14 7 40 103 0 16
Пассажирский29 1983 7  19 7 36 106 0 11
Пассажирский39 1984 7  11 4 8 114 2 1
Пассажирский7 1984 6  13 5 3 111 2 7
Пассажирский35 1982 8  12 4 43 109 1 18
Пассажирский25 1983 6  16 9 26 108 0 0
Пассажирский21 1982 7  12 4 50 119 0 23
Скорый7 1984 7  21 8 10 113 1 10
Товарный22 1983 8  10 4 24 112 1 7
Товарный22 1983 7  17 4 10 114 2 6
Пассажирский7 1984 7  15 5 48 120 2 3
Товарный27 1983 8  17 7 1 109 0 21
Товарный12 1982 6  14 9 42 116 0 3
Скорый28 1983 6  15 8 11 114 1 7
Товарный2 1983 7  12 4 51 122 1 1
Товарный12 1984 8  21 6 42 108 2 20
Пассажирский2 1983 7  17 8 10 102 2 17
Скорый5 1982 7  20 8 2 119 1 17
Товарный29 1982 6  14 4 53 119 1 8
Пассажирский24 1983 8  17 9 8 118 1 7
Скорый26 1982 8  19 5 48 105 0 12
Товарный8 1984 7  20 4 2 100 0 8
Товарный38 1984 7  11 8 4 113 0 12
Пассажирский40 1983 8  13 7 42 114 0 19
Скорый11 1984 7  14 4 4 103 0 1
Скорый33 1982 8  19 8 14 102 1 10
Скорый20 1984 6  16 4 23 102 2 13
Пассажирский16 1982 6  13 6 20 104 0 16
Пассажирский31 1983 6  12 8 37 102 2 10
Скорый7 1982 7  12 5 35 108 1 17
Скорый3 1982 6  18 9 24 110 0 14
Пассажирский19 1984 8  10 6 41 108 2 12
Пассажирский35 1982 8  12 5 29 103 2 5
Товарный5 1984 7  17 4 22 123 2 4
Скорый3 1983 6  10 9 36 121 2 23
Скорый20 1984 7  16 9 0 121 1 23
Скорый2 1983 7  13 7 15 114 2 3
Скорый27 1984 6  20 6 52 102 2 13
Товарный17 1983 7  10 8 10 105 1 11
Товарный38 1982 7  18 9 28 102 1 6
Пассажирский35 1984 8  11 4 11 110 0 10
Пассажирский18 1982 7  16 9 33 119 0 12
Товарный21 1983 7  17 4 23 118 0 2
Пассажирский13 1983 7  18 9 59 105 1 16
Товарный15 1982 7  12 4 14 103 2 3
Товарный35 1983 8  10 8 40 99 1 3
Пассажирский2 1983 6  19 5 59 106 2 9
Пассажирский2 1983 6  10 5 42 113 0 11
Скорый28 1983 8  12 8 31 121 2 4
Товарный32 1983 8  12 6 33 110 2 9
Скорый25 1984 7  11 9 11 123 0 21
Пассажирский35 1983 6  19 6 16 103 1 16
Товарный36 1982 7  17 5 0 101 1 23
Пассажирский9 1984 7  21 9 37 114 1 16
Пассажирский6 1982 8  16 8 2 114 1 20
Скорый24 1982 6  18 9 7 110 2 3
Товарный30 1983 7  12 4 59 113 0 9
Скорый40 1982 7  12 7 38 119 1 15
Скорый1 1983 7  13 5 40 108 1 12
Скорый32 1982 6  10 6 50 119 1 4
Пассажирский4 1982 6  18 6 5 101 2 4
Товарный21 1982 7  13 5 49 111 1 0
Пассажирский39 1984 8  12 9 58 118 0 1
Пассажирский2 1983 8  11 7 29 119 1 16
Товарный27 1984 8  20 4 2 105 0 22
Товарный28 1982 8  19 4 14 110 0 2
Товарный23 1983 7  10 9 28 103 0 20
Товарный20 1982 8  19 8 11 101 2 9
Скорый14 1982 7  12 5 2 115 1 8
Товарный26 1984 8  12 5 32 121 2 0
Товарный37 1984 7  14 7 1 101 0 23
Товарный39 1984 6  16 4 35 110 2 18
Скорый12 1983 6  10 8 58 119 1 7
Пассажирский28 1984 6  19 9 10 105 0 0
Товарный3 1984 7  21 9 15 116 1 9
Скорый17 1983 8  10 8 32 120 2 20
Скорый6 1984 8  11 6 30 119 1 7
Товарный40 1983 8  17 4 55 109 0 5
Товарный18 1983 6  13 7 16 101 0 8
Товарный26 1982 6  15 9 41 116 1 12
Скорый26 1983 7  21 7 21 112 2 11
Скорый33 1982 7  16 6 18 120 1 22
Пассажирский5 1984 6  11 5 38 113 2 2
Товарный40 1983 6  14 4 50 103 1 18
Скорый2 1984 6  17 5 27 121 2 21
Товарный31 1984 8  20 6 15 113 2 5
Товарный7 1983 8  19 8 19 113 2 19
Скорый27 1984 8  19 8 1 110 1 12
Товарный37 1982 6  20 7 54 104 2 20
Скорый37 1983 6  13 4 44 104 2 9
Пассажирский8 1983 6  20 8 58 121 1 3
Пассажирский25 1984 7  15 7 10 111 2 1
Пассажирский21 1984 8  11 7 17 109 0 2
Пассажирский2 1982 6  10 8 41 122 2 20
Пассажирский28 1982 6  21 5 12 99 0 12
Скорый11 1983 7  21 4 15 105 1 6
Пассажирский23 1983 6  11 7 19 105 1 2
Товарный32 1982 7  17 8 37 103 2 5
Скорый27 1983 6  13 5 28 102 2 0
Скорый38 1984 6  18 5 25 108 2 12
Пассажирский31 1984 8  13 4 22 103 2 8
Скорый16 1983 8  20 8 2 99 0 16
Товарный2 1982 7  20 9 16 105 1 9
Товарный3 1982 7  13 8 33 107 0 8
Товарный1 1983 6  15 4 10 106 1 16
Пассажирский4 1983 6  10 6 57 102 1 1
Товарный25 1983 6  12 6 6 108 0 8
Товарный8 1983 6  15 4 35 107 2 17
Пассажирский17 1984 8  13 7 54 111 2 21
Пассажирский11 1984 7  20 4 4 99 2 12
Скорый35 1984 8  20 6 16 116 0 7
Товарный36 1983 8  21 4 47 109 0 22
Пассажирский20 1983 7  13 5 18 105 2 4
Товарный25 1984 7  16 7 22 111 0 8
Скорый9 1982 6  17 8 20 104 2 14
Товарный23 1982 6  17 5 3 105 0 14
Скорый5 1984 8  20 6 51 103 2 7
Пассажирский28 1984 7  14 5 2 117 1 23
Товарный40 1983 7  12 4 13 114 0 17
Скорый24 1984 7  21 4 58 121 1 22
Скорый25 1984 8  10 9 38 108 0 19
Скорый24 1982 8  18 4 53 99 0 16
Пассажирский22 1983 8  13 8 48 112 0 16
Пассажирский29 1983 8  20 8 4 117 2 15
Товарный10 1984 7  14 8 9 116 1 10
Скорый36 1983 6  11 9 43 123 1 6
Пассажирский33 1982 7  12 6 47 119 1 7
Пассажирский30 1983 7  11 4 24 109 1 12
Скорый32 1983 6  20 7 25 99 1 1
Скорый35 1984 7  11 9 22 113 1 14
Скорый24 1984 8  10 7 9 123 1 12
Скорый2 1982 6  17 7 16 122 0 0
Пассажирский35 1984 6  21 9 11 104 0 3
Товарный4 1982 8  17 7 27 122 0 5
Товарный15 1984 7  12 9 36 104 0 11
Товарный9 1983 8  19 5 53 122 0 7
Скорый3 1983 7  14 8 5 112 2 12
Пассажирский26 1983 7  21 8 55 118 0 7
Скорый7 1983 8  12 9 2 123 2 13
Скорый24 1982 6  13 9 16 101 1 0
Товарный17 1982 8  17 7 46 110 0 23
Скорый21 1983 7  15 7 3 123 0 17
Товарный4 1984 8  14 6 13 101 1 5
Товарный17 1984 8  15 6 54 108 1 1
Пассажирский27 1983 6  19 9 52 103 0 17
Скорый23 1983 7  21 4 0 109 2 16
Скорый6 1983 7  21 6 15 109 1 17
Товарный32 1984 6  17 8 17 99 0 11
Товарный11 1983 7  20 4 40 105 0 12
Товарный39 1984 6  12 4 20 99 0 7
Товарный33 1982 7  19 8 55 106 2 15
Товарный39 1983 6  11 8 17 113 2 17
Пассажирский24 1984 8  19 7 9 106 2 21
Товарный10 1983 6  19 9 19 109 1 21
Пассажирский37 1983 6  21 5 14 123 1 6
Пассажирский3 1984 8  10 9 48 102 2 14
Товарный4 1982 8  15 8 33 119 2 22
Пассажирский29 1983 7  17 8 39 116 1 13
Товарный30 1984 8  21 4 10 119 0 8
Товарный20 1982 7  17 9 38 113 1 4
Пассажирский21 1982 7  15 5 11 114 1 4
Скорый20 1983 8  18 4 9 100 2 12
Скорый12 1983 8  21 5 58 123 1 23
Товарный1 1984 6  16 6 42 101 0 14
Пассажирский12 1984 6  15 9 35 121 1 9
Пассажирский14 1982 8  17 7 22 121 0 23
Товарный36 1982 6  19 9 36 109 1 13
Товарный33 1984 8  17 7 43 101 2 7
Товарный33 1984 7  16 5 45 101 0 12
Пассажирский39 1983 8  13 8 51 103 0 10
Скорый6 1983 8  11 6 38 118 1 2
Скорый35 1982 6  10 5 24 119 2 8
Пассажирский13 1982 7  16 7 30 113 1 5
Товарный36 1984 6  11 4 52 121 1 18
Скорый22 1984 6  14 4 58 105 2 18
Скорый32 1983 8  21 4 28 113 2 22
Товарный30 1982 6  19 4 34 119 0 9
Товарный27 1982 7  14 8 17 100 0 20
Товарный3 1984 6  11 7 38 112 0 12
Товарный4 1983 8  20 4 38 123 1 1
Товарный38 1982 6  19 7 32 121 0 4
Скорый25 1983 7  15 5 32 103 1 4
Товарный26 1984 8  17 8 25 101 0 4
Скорый16 1984 8  13 5 14 105 1 14
Скорый4 1982 7  13 6 2 99 2 2
Товарный1 1982 8  17 4 48 109 2 15
Пассажирский4 1982 8  15 7 40 123 1 18
Товарный3 1984 6  11 9 51 102 1 6
Пассажирский18 1982 7  19 9 26 121 0 4
Скорый20 1982 8  14 5 46 116 1 9
Товарный35 1983 6  12 9 29 100 1 9
Скорый20 1984 8  15 7 39 123 2 13
Пассажирский14 1982 7  16 5 41 111 2 10
Товарный11 1983 6  17 5 27 108 1 0
Товарный9 1984 7  15 8 36 109 0 9
Пассажирский1 1983 7  12 9 10 99 1 5
Пассажирский17 1983 6  15 8 56 119 0 19
Скорый39 1984 7  10 9 35 123 2 6
Пассажирский18 1984 7  15 9 57 101 1 5
Пассажирский4 1984 8  19 6 43 115 0 0
Товарный11 1982 8  12 8 38 108 0 22
Товарный17 1983 8  13 5 45 102 0 19
Скорый37 1984 8  16 6 51 106 0 22
Товарный25 1982 8  16 9 6 123 2 9
Товарный21 1983 6  16 5 27 102 0 5
Товарный18 1983 8  11 5 44 121 0 17
Товарный15 1983 7  17 9 28 123 2 6
Пассажирский25 1984 8  11 7 16 116 2 11
Товарный13 1982 8  13 4 52 105 1 5
Пассажирский13 1984 6  11 6 19 105 2 14
Скорый16 1984 7  16 6 26 118 2 22
Скорый26 1984 8  12 7 30 118 2 8
Скорый6 1982 6  20 6 13 119 1 7
Скорый24 1983 8  10 5 51 103 1 6
Скорый28 1984 6  21 6 3 120 1 16
Скорый12 1982 6  15 7 18 118 1 20
Пассажирский29 1984 8  10 4 58 101 2 10
Скорый39 1983 7  19 9 27 106 1 6
Товарный27 1982 7  11 5 34 108 0 5
Товарный21 1983 7  21 5 52 119 1 0
Скорый4 1983 7  12 6 31 113 2 15
Пассажирский33 1984 6  21 8 47 119 0 18
Пассажирский25 1982 6  17 7 37 104 1 9
Товарный30 1982 7  17 8 54 108 1 0
Товарный3 1983 7  19 5 47 103 2 11
Пассажирский25 1983 8  20 5 2 109 2 16
Товарный7 1983 8  11 9 29 120 2 18
Скорый36 1983 7  20 6 29 105 1 21
Скорый19 1982 6  21 6 5 102 1 8
Товарный13 1982 8  19 9 59 104 1 19
Товарный32 1982 7  10 9 29 110 2 5
Скорый25 1982 6  18 9 54 116 2 11
Скорый33 1984 8  14 7 58 121 1 12
Товарный26 1982 6  21 6 33 116 0 1
Пассажирский36 1983 7  20 9 23 123 2 1
Товарный40 1983 8  10 8 18 113 0 3
Товарный17 1982 8  19 8 0 123 1 1
Скорый15 1983 8  19 4 38 103 2 21
Скорый33 1983 8  21 9 41 101 1 2
Товарный4 1983 7  18 9 42 123 1 2
Скорый40 1983 8  14 8 19 105 0 20
Товарный30 1983 7  16 4 20 108 2 13
Пассажирский37 1982 6  19 6 37 117 1 23
Товарный2 1984 6  12 5 47 106 1 17
Товарный1 1984 6  12 4 14 115 0 6
Пассажирский38 1983 7  13 6 31 119 1 13
Пассажирский22 1982 7  11 5 6 101 1 4
Скорый18 1983 6  14 9 44 108 0 20
Пассажирский25 1983 6  10 5 46 105 2 21
Скорый19 1983 8  18 8 45 114 1 3
Скорый34 1983 7  14 8 5 102 0 0
Пассажирский26 1982 8  15 6 3 122 0 3
Товарный19 1982 7  20 5 0 117 1 12
Товарный36 1982 8  19 9 14 114 2 1
Товарный15 1982 7  13 5 33 122 0 0
Товарный27 1984 7  20 7 4 118 1 11
Скорый21 1983 6  13 8 50 102 2 15
Товарный12 1983 8  19 6 32 121 0 22
Скорый12 1984 8  13 8 27 104 1 19
Скорый2 1982 6  12 9 30 111 0 6
Скорый16 1984 8  13 7 22 113 2 0
Пассажирский26 1982 6  17 9 20 114 2 21
Товарный30 1984 7  16 5 46 112 2 20
Товарный8 1984 7  17 9 55 108 2 7
Товарный4 1983 7  18 4 51 117 0 13
Товарный26 1982 8  17 7 7 102 0 4
Пассажирский36 1983 8  21 7 12 105 2 19
Скорый34 1983 7  13 8 44 117 0 15
Скорый10 1984 8  12 5 37 121 2 8
Товарный25 1984 7  20 6 23 107 0 22
Скорый35 1984 8  20 8 27 110 1 12
Пассажирский10 1983 8  13 4 35 118 0 19
Пассажирский40 1983 6  21 4 22 116 2 5
Скорый12 1983 8  17 6 35 113 1 10
Товарный19 1983 7  16 7 25 115 1 7
Скорый20 1982 8  21 5 3 118 2 11
Товарный9 1984 8  18 9 19 103 1 0
Скорый18 1983 6  17 6 54 99 2 2
Товарный32 1983 8  16 5 37 107 2 22
Пассажирский10 1982 8  13 9 0 102 2 4
Товарный26 1983 7  19 9 19 118 1 20
Товарный22 1983 6  12 4 12 117 0 5
Пассажирский34 1983 6  14 6 32 118 0 10
Товарный17 1984 6  18 9 12 105 1 23
Скорый14 1984 6  19 6 21 105 2 13
Товарный6 1984 6  17 8 27 121 2 13
Товарный29 1983 7  19 4 9 112 0 23
Товарный2 1983 6  19 5 43 116 2 0
Скорый19 1984 7  21 4 33 102 1 23
Скорый14 1983 8  11 6 44 122 1 1
Пассажирский34 1984 8  17 9 41 119 1 3
Пассажирский9 1982 8  17 5 44 111 1 8
Товарный10 1984 6  20 4 55 108 2 20
Скорый38 1984 7  18 8 16 105 0 20
Скорый4 1983 8  19 5 31 108 2 18
Скорый17 1982 6  12 5 54 123 1 4
Скорый35 1984 8  21 6 40 117 0 2
Скорый39 1983 8  18 6 24 117 1 12
Пассажирский4 1982 6  21 7 1 102 2 5
Пассажирский14 1982 6  15 4 44 112 0 4
Пассажирский31 1984 6  20 7 35 105 0 2
Скорый26 1984 7  16 6 13 112 0 21
Скорый37 1982 8  13 5 45 99 0 23
Товарный2 1983 6  20 9 2 101 2 20
Товарный12 1984 8  10 4 25 105 2 3
Пассажирский10 1983 8  15 5 8 117 2 12
Товарный33 1982 8  15 6 58 103 0 6
Пассажирский33 1984 8  21 7 21 103 0 22
Скорый21 1983 6  10 7 1 102 1 5
Товарный37 1982 7  17 8 15 105 2 4
Пассажирский18 1982 6  18 8 52 100 1 0
Скорый5 1982 6  16 9 14 112 1 14
Товарный31 1983 6  15 5 16 103 1 6
Товарный14 1982 6  15 4 10 112 1 20
Пассажирский26 1984 7  17 5 27 107 1 12
Скорый10 1983 7  13 5 32 118 1 21
Скорый5 1982 8  19 6 47 123 1 1
Пассажирский38 1982 6  16 6 15 106 0 22
Товарный3 1982 7  19 6 33 110 0 4
Пассажирский34 1984 6  18 8 25 121 0 6
Пассажирский21 1982 6  16 6 0 114 0 17
Пассажирский30 1984 8  19 6 7 106 2 9
Пассажирский8 1983 7  16 6 7 118 2 2
Пассажирский3 1984 6  18 7 6 112 0 4
Скорый32 1982 7  13 4 41 117 0 11
Скорый31 1983 7  16 7 42 118 1 9
Товарный26 1983 6  17 6 32 115 1 0
Скорый29 1983 8  19 7 24 103 0 10
Товарный38 1984 8  17 8 45 99 2 1
Пассажирский3 1982 7  11 4 7 117 2 2
Товарный12 1982 7  19 6 38 110 0 6
Скорый20 1982 6  14 8 3 106 0 10
Скорый32 1983 7  21 5 21 112 0 8
Товарный1 1984 8  17 9 14 121 2 17
Пассажирский40 1983 7  21 9 40 116 2 0
Пассажирский4 1982 7  19 7 23 114 2 23
Скорый4 1983 8  10 4 12 113 2 11
Пассажирский29 1983 8  13 8 8 109 2 19
Скорый7 1984 7  17 8 2 111 0 13
Товарный24 1982 6  18 5 50 113 2 10
Скорый21 1984 6  12 7 55 112 1 13
Пассажирский37 1983 8  21 5 46 119 0 19
Товарный13 1982 7  11 9 56 102 2 17
Скорый1 1984 6  12 7 3 117 2 9
Скорый24 1983 7  17 8 22 104 2 19
Пассажирский37 1982 8  14 8 2 99 0 8
Пассажирский2 1984 8  19 4 47 123 2 20
Товарный13 1984 7  15 7 34 113 0 19
Товарный24 1982 8  18 6 53 101 1 0
Товарный20 1983 7  15 7 49 119 2 20
Пассажирский34 1983 8  14 4 21 123 2 1
Товарный38 1983 8  14 5 54 116 0 6
Товарный35 1982 7  12 7 12 102 1 16
Пассажирский37 1984 7  15 5 28 109 0 15
Пассажирский38 1984 8  16 5 6 111 2 8
Пассажирский7 1982 6  19 9 5 113 2 17
Скорый19 1984 8  17 7 55 108 2 5
Пассажирский7 1982 8  14 6 31 105 2 18
Скорый17 1984 7  13 6 18 114 2 13
Товарный10 1982 8  10 9 24 104 2 10
Товарный29 1982 8  21 4 6 100 1 4
Товарный13 1984 6  20 5 28 110 2 13
Товарный28 1982 8  16 8 56 105 2 6
Пассажирский5 1982 6  17 6 44 120 0 1
Товарный5 1982 6  21 6 11 121 2 17
Пассажирский7 1984 6  11 7 17 100 1 2
Пассажирский19 1983 6  18 4 54 123 0 9
Скорый16 1983 6  11 4 30 106 1 19
Товарный9 1983 8  15 8 7 115 0 23
Пассажирский7 1982 7  11 9 46 113 0 23
Скорый37 1984 6  17 5 3 104 0 19
Скорый33 1982 7  15 7 56 117 2 8
Пассажирский1 1984 6  16 8 49 117 1 17
Товарный28 1982 7  17 5 52 108 2 15
Товарный24 1983 8  15 7 11 117 1 2
Скорый40 1983 6  19 5 26 114 0 13
Скорый14 1984 6  13 7 23 102 0 20
Скорый34 1982 8  21 4 17 109 2 9
Товарный34 1983 7  10 4 10 107 2 4
Пассажирский35 1982 8  19 9 54 102 0 19
Пассажирский8 1984 7  11 6 51 122 2 10
Скорый1 1984 8  11 8 5 120 0 8
Пассажирский17 1983 6  15 5 50 118 1 6
Скорый19 1983 8  10 9 32 116 1 22
Товарный37 1982 6  19 7 11 119 2 1
Пассажирский10 1982 8  19 9 30 109 1 18
Пассажирский20 1984 8  11 4 9 103 1 6
Товарный5 1984 7  16 9 43 120 0 23
Товарный25 1984 8  10 6 49 113 2 18
Скорый13 1983 6  21 5 14 116 2 9
Пассажирский40 1982 7  20 6 44 116 0 1
Товарный10 1982 8  14 8 42 119 0 3
Товарный1 1984 7  18 4 12 114 1 18
Скорый37 1983 8  14 8 12 103 2 21
Товарный4 1983 6  14 8 42 123 2 14
Товарный16 1983 7  12 4 47 121 1 10
Пассажирский23 1983 6  15 6 33 106 0 5
Скорый34 1984 6  20 6 26 103 1 0
Пассажирский14 1984 8  18 8 33 116 2 8
Товарный7 1983 7  19 8 44 100 2 0
Товарный33 1984 6  19 8 39 108 0 14
Товарный30 1982 7  18 8 10 105 1 0
Скорый20 1984 6  19 9 47 106 2 8
Товарный20 1983 8  21 5 41 100 1 23
Пассажирский26 1983 7  11 8 11 104 1 16
Товарный25 1983 6  14 9 44 123 0 17
Товарный19 1983 6  16 6 35 123 2 9
Пассажирский1 1984 7  11 7 7 112 1 11
Пассажирский31 1984 6  19 8 5 113 1 0
Товарный22 1982 6  21 9 9 123 2 8
Пассажирский19 1982 6  12 7 42 107 1 3
Пассажирский11 1984 6  18 7 48 118 1 4
Товарный27 1983 7  10 8 17 115 2 0
Товарный11 1984 7  18 6 16 104 0 9
Скорый8 1983 7  14 9 35 103 1 9
Товарный35 1983 7  14 8 13 106 2 8
Скорый36 1983 6  16 8 59 99 0 21
Скорый5 1984 6  16 5 40 119 0 18
Скорый3 1984 8  21 9 0 108 2 11
Скорый22 1982 7  14 5 31 120 1 7
Пассажирский28 1984 8  14 9 15 117 1 10
Товарный17 1983 8  15 5 51 118 1 6
Товарный15 1984 7  12 9 26 121 2 12
Товарный5 1984 8  18 4 18 105 1 13
Товарный9 1983 8  17 4 10 120 1 4
Пассажирский28 1984 6  15 9 14 110 0 18
Скорый37 1984 7  11 4 40 99 1 20
Скорый5 1982 8  16 8 9 119 0 4
Товарный5 1983 6  20 8 51 121 2 20
Скорый20 1982 6  10 8 58 108 1 11
Товарный9 1984 8  16 4 36 108 1 15
Скорый16 1983 8  19 8 47 108 1 23
Скорый30 1982 8  13 9 27 109 0 16
Пассажирский28 1984 6  13 6 24 121 0 15
Товарный10 1982 7  20 5 25 115 1 13
Товарный18 1983 6  10 7 24 105 0 15
Скорый7 1983 6  12 5 42 112 2 18
Товарный29 1983 6  10 4 46 100 2 0
Пассажирский22 1983 7  12 6 31 100 0 8
Пассажирский13 1982 7  19 6 14 101 2 10
Пассажирский37 1984 6  16 5 15 121 1 7
Скорый31 1983 6  13 4 16 100 2 4
Скорый4 1983 6  16 5 55 106 2 17
Пассажирский21 1982 8  14 6 1 122 2 7
Товарный19 1982 6  12 6 16 101 2 1
Скорый12 1983 6  18 7 8 123 1 15
Скорый32 1982 6  15 6 8 121 1 12
Товарный29 1982 6  18 6 12 109 0 19
Пассажирский39 1983 7  15 5 31 121 1 13
Товарный22 1984 8  17 4 39 123 1 7
Скорый26 1983 7  12 5 11 119 1 7
Пассажирский40 1983 6  19 7 13 113 1 8
Товарный11 1984 8  20 6 42 115 0 14
Товарный28 1983 6  14 5 10 120 2 23
Пассажирский7 1983 6  15 9 56 121 0 23
Скорый1 1982 8  19 6 52 122 1 9
Пассажирский21 1982 7  19 4 20 122 0 16
Скорый25 1984 7  13 8 26 99 0 13
Скорый22 1983 8  14 4 54 103 1 10
Товарный20 1984 8  12 8 41 108 2 23
Товарный31 1984 6  10 9 26 123 2 14
Пассажирский4 1984 6  12 8 31 106 2 20
Скорый28 1984 6  13 9 52 122 0 14
Скорый19 1982 8  11 5 9 108 0 6
Скорый15 1982 6  18 9 43 109 1 13
Пассажирский25 1982 8  16 7 53 107 2 11
Пассажирский18 1982 7  18 9 58 104 2 1
Пассажирский18 1983 6  16 8 13 102 1 17
Скорый16 1982 8  15 4 56 104 0 15
Скорый30 1984 7  15 8 10 121 2 4
Пассажирский26 1982 8  10 6 12 120 2 23
Скорый34 1983 6  20 6 16 117 0 2
Скорый24 1984 6  15 5 29 123 1 17
Скорый7 1983 8  21 7 53 104 0 21
Скорый13 1983 6  14 9 59 122 0 23
Скорый2 1984 6  14 7 48 116 0 11
Пассажирский16 1982 6  11 6 30 103 1 13
Товарный11 1983 6  10 7 3 103 0 19
Товарный31 1983 7  10 6 42 122 0 6
Скорый9 1984 8  14 5 21 108 2 0
Пассажирский15 1982 7  17 5 48 99 2 8
Пассажирский21 1983 6  14 7 17 115 0 10
Товарный17 1982 7  10 7 10 121 0 10
Пассажирский13 1982 7  17 7 29 113 0 10
Товарный30 1982 8  16 7 1 122 0 5
Пассажирский12 1983 8  13 9 47 116 1 14
Товарный15 1983 6  20 6 7 122 2 8
Товарный24 1983 8  19 5 17 115 0 21
Пассажирский5 1983 6  11 4 59 114 2 0
Пассажирский20 1982 6  12 5 44 114 2 13
Пассажирский23 1984 7  11 4 53 105 1 0
Скорый14 1984 8  16 7 27 99 2 3
Скорый29 1984 8  15 5 41 108 1 4
Товарный26 1982 7  10 5 23 109 0 18
Пассажирский16 1984 6  19 7 27 99 1 3
Пассажирский16 1982 8  20 5 42 120 1 23
Скорый13 1984 8  16 8 16 115 1 14
Товарный11 1984 6  11 4 39 122 2 20
Пассажирский33 1982 6  11 9 36 120 0 4
Товарный12 1982 7  18 8 29 106 0 19
Товарный6 1982 7  12 4 36 114 1 8
Скорый22 1984 8  17 7 13 103 1 21
Товарный13 1982 7  14 7 37 111 2 20
Скорый26 1984 6  13 7 20 99 2 11
Товарный38 1982 6  12 8 44 119 0 22
Пассажирский22 1984 6  17 6 29 109 0 4
Товарный30 1982 7  14 7 12 118 2 12
Скорый40 1984 6  14 8 37 101 2 16
Товарный32 1982 8  13 6 6 118 1 12
Товарный33 1984 7  19 7 40 104 2 19
Товарный7 1983 7  16 8 48 105 2 23
Скорый7 1982 8  19 4 4 103 0 5
Скорый34 1984 8  12 8 52 117 0 23
Товарный3 1982 8  19 5 9 116 0 2
Пассажирский25 1984 6  10 5 38 123 1 5
Товарный29 1982 7  20 5 12 123 2 5
Пассажирский30 1984 6  11 4 24 109 1 23
Товарный27 1983 6  13 5 39 114 2 18
Товарный30 1984 8  15 5 37 103 1 9
Пассажирский33 1984 7  12 9 28 99 2 3
Пассажирский2 1983 7  10 6 9 107 1 3
Товарный5 1984 7  10 8 16 116 1 18
Товарный25 1982 8  15 8 40 113 2 12
Товарный26 1983 7  20 5 35 116 2 1
Товарный24 1983 6  14 4 56 107 1 21
Пассажирский7 1983 6  16 7 38 122 2 14
Товарный12 1982 7  12 6 3 107 0 8
Скорый24 1984 7  12 7 36 109 2 10
Пассажирский39 1984 7  17 7 17 110 0 10
Скорый12 1983 7  10 6 52 120 0 2
Скорый16 1983 7  14 9 14 112 0 22
Пассажирский8 1984 7  17 4 27 106 1 15
Товарный31 1982 7  16 5 23 101 1 19
Скорый12 1983 7  14 5 14 115 2 12
Скорый26 1983 7  12 9 13 121 0 1
Скорый28 1983 7  21 8 2 106 1 14
Товарный17 1983 7  12 5 35 108 2 7
Пассажирский18 1982 6  10 8 26 113 0 16
Скорый16 1982 7  21 6 1 120 1 8
Скорый33 1984 7  10 9 0 120 1 14
Товарный21 1984 8  14 9 37 111 2 15
Пассажирский13 1983 7  19 7 28 114 2 17
Пассажирский23 1984 7  12 9 2 121 0 7
Скорый24 1984 8  12 6 6 112 1 4
Скорый2 1983 6  10 8 37 122 0 8
Товарный7 1984 7  21 9 55 103 2 23
Товарный40 1984 8  16 4 10 108 2 7
Товарный14 1982 6  18 6 9 102 2 18
Пассажирский18 1983 7  20 7 8 118 0 21
Пассажирский33 1984 6  21 8 21 114 0 3
Пассажирский39 1984 7  17 5 13 103 0 18
Скорый4 1982 6  21 8 9 109 1 18
Скорый19 1982 7  18 9 24 108 1 10
Товарный21 1984 7  17 7 35 119 2 21
Пассажирский35 1983 7  13 4 59 105 0 0
Товарный24 1982 7  13 7 45 122 0 15
Товарный31 1982 6  16 9 36 100 0 1
Скорый2 1984 6  15 4 6 116 1 6
Пассажирский33 1982 7  19 5 47 113 0 20
Скорый33 1983 7  14 5 1 101 2 21
Пассажирский13 1984 8  20 7 42 118 2 17
Пассажирский27 1982 6  18 7 36 105 1 22
Скорый24 1984 8  12 9 8 121 2 7
Товарный23 1982 8  11 9 11 101 2 4
Товарный13 1984 6  18 9 42 115 1 19
Пассажирский1 1983 7  12 9 37 100 0 16
Скорый38 1983 6  21 5 55 112 0 21
