Скорый15 1982 7  16 4 18 119 1 6
Пассажирский24 1984 8  19 6 1 123 2 1
Скорый7 1982 8  15 6 36 104 0 19
Пассажирский18 1982 6  16 5 48 123 0 1
Скорый16 1983 8  17 4 6 105 0 14
Скорый33 1983 8  18 7 43 103 2 12
Товарный29 1983 7  17 4 51 111 0 7
Скорый33 1982 7  16 8 27 99 2 0
Пассажирский2 1983 6  13 6 54 114 1 15
Товарный40 1984 8  15 5 1 112 2 13
Скорый20 1983 8  19 5 59 107 0 20
Товарный39 1982 6  13 9 38 123 2 12
Товарный30 1983 6  16 5 1 101 1 14
Товарный1 1982 8  16 6 55 111 1 16
Пассажирский30 1984 7  16 9 22 112 2 17
Скорый12 1983 7  16 5 47 99 2 21
Пассажирский18 1984 7  13 4 3 100 0 3
Товарный8 1983 8  17 9 22 105 0 8
Пассажирский5 1982 8  17 8 15 112 1 15
Пассажирский14 1983 6  16 6 0 118 0 23
Пассажирский14 1982 6  17 4 13 99 2 2
Товарный2 1982 7  16 9 58 101 0 2
Скорый9 1984 6  12 5 8 109 2 6
Пассажирский19 1984 6  11 9 47 115 1 10
Скорый31 1984 7  13 4 24 122 2 21
Скорый10 1982 8  18 4 10 123 1 16
Товарный4 1983 7  21 7 31 119 0 16
Пассажирский24 1983 6  18 6 23 102 2 16
Пассажирский23 1984 7  19 6 11 116 2 16
Товарный21 1982 6  19 7 19 122 1 23
Товарный23 1984 7  12 9 33 121 0 4
Пассажирский13 1983 8  18 7 5 123 2 18
Товарный11 1984 7  18 4 52 113 1 20
Пассажирский29 1982 6  10 7 17 109 1 17
Пассажирский34 1983 7  16 7 54 104 1 13
Пассажирский23 1984 7  11 8 3 100 0 11
Пассажирский4 1983 8  15 9 46 119 0 21
Пассажирский18 1983 6  15 5 21 107 0 19
Скорый40 1983 7  11 6 20 112 1 0
Пассажирский29 1984 8  21 6 40 122 0 3
Пассажирский14 1982 8  16 6 38 120 0 12
Товарный12 1983 6  11 9 13 107 1 8
Пассажирский40 1982 8  19 9 12 122 2 1
Скорый12 1983 6  18 9 58 101 2 14
Пассажирский12 1982 8  21 6 9 122 2 21
Скорый35 1983 6  15 8 27 109 0 13
Товарный29 1983 7  19 8 47 116 0 23
Товарный11 1983 8  17 8 39 103 1 3
Скорый19 1984 8  14 6 40 121 0 17
Скорый24 1983 6  13 4 30 114 0 18
Товарный30 1984 6  12 6 50 109 1 3
Скорый23 1983 6  14 6 25 123 1 13
Пассажирский10 1983 6  15 4 25 99 2 22
Пассажирский1 1983 8  14 5 11 108 2 15
Пассажирский31 1984 6  13 8 51 105 0 22
Пассажирский39 1983 7  20 9 18 111 2 13
Скорый8 1984 6  20 9 55 105 2 2
Пассажирский40 1982 8  19 6 22 99 1 13
Товарный23 1983 6  19 8 5 101 0 16
Скорый17 1984 6  17 8 1 112 2 22
Пассажирский22 1983 6  13 8 42 111 2 4
Товарный28 1983 7  12 9 19 118 2 1
Скорый40 1983 8  13 7 4 115 1 1
Пассажирский36 1983 8  10 8 39 106 2 23
Скорый9 1984 7  11 8 4 123 2 19
Товарный23 1984 6  11 9 58 108 2 13
Скорый26 1982 8  18 7 47 116 0 4
Скорый12 1984 6  20 8 50 108 1 21
Скорый25 1983 7  13 4 29 103 1 13
Скорый23 1982 7  18 8 38 118 0 14
Товарный33 1983 6  10 4 39 111 0 22
Товарный2 1984 6  12 6 1 101 1 22
Пассажирский29 1983 8  12 7 44 110 2 9
Скорый21 1982 6  17 5 53 111 2 23
Товарный2 1984 6  12 4 51 108 1 4
Скорый25 1983 6  12 7 58 113 1 7
Товарный21 1982 8  15 5 36 101 0 13
Товарный9 1982 7  17 9 43 118 0 4
Пассажирский33 1983 6  11 4 7 121 1 10
Скорый10 1982 7  12 9 11 109 2 23
Скорый30 1984 8  16 8 56 111 1 9
Товарный4 1982 7  16 9 31 104 0 0
Скорый38 1983 7  20 8 12 112 2 13
Скорый32 1983 6  10 6 38 100 0 18
Товарный17 1983 8  21 8 43 106 0 2
Скорый4 1984 8  14 6 17 100 0 8
Скорый35 1982 7  18 8 15 113 2 2
Скорый20 1982 7  14 7 1 113 0 23
Товарный4 1984 8  12 5 28 112 1 8
Скорый27 1982 7  21 6 31 117 1 13
Товарный32 1982 7  10 9 29 122 0 21
Пассажирский35 1984 6  11 6 27 110 1 11
Товарный24 1982 7  20 7 47 107 0 1
Пассажирский8 1983 7  19 7 31 111 0 6
Товарный8 1982 7  15 5 17 110 2 3
Скорый11 1983 7  12 4 57 114 2 19
Товарный25 1982 8  21 5 39 117 0 12
Товарный37 1984 8  15 8 58 102 0 12
Пассажирский33 1982 7  15 6 53 103 0 0
Товарный2 1984 6  12 7 33 115 2 21
Скорый9 1983 6  11 7 38 105 1 6
Скорый24 1983 7  15 7 33 115 1 20
Пассажирский16 1982 8  17 6 33 117 1 18
Пассажирский15 1984 7  18 5 55 100 1 16
Товарный14 1982 7  20 5 48 113 2 0
Пассажирский10 1982 8  21 4 22 116 0 0
Товарный34 1984 8  13 5 44 117 1 3
Скорый30 1984 8  21 8 11 123 0 16
Пассажирский23 1982 8  14 6 0 116 1 7
Товарный35 1984 6  21 7 55 105 2 15
Скорый12 1984 7  19 9 13 104 0 11
Скорый1 1982 8  13 7 12 119 2 19
Пассажирский27 1984 8  14 8 25 113 1 10
Товарный28 1984 8  12 8 36 122 1 8
Скорый20 1984 8  16 6 15 105 0 4
Товарный2 1983 8  20 7 20 115 1 15
Пассажирский10 1983 8  16 9 19 112 0 8
Скорый3 1982 8  21 4 52 122 0 3
Товарный38 1982 7  19 7 13 110 0 20
Скорый17 1984 8  19 7 9 122 1 9
Скорый26 1983 7  16 4 20 109 2 0
Скорый2 1982 6  19 4 12 109 2 8
Пассажирский32 1983 8  21 7 48 117 0 7
Пассажирский12 1983 8  11 6 53 111 2 7
Товарный27 1983 7  10 5 47 112 1 7
Скорый25 1984 7  20 7 47 116 0 14
Товарный38 1982 7  13 5 36 102 0 2
Пассажирский26 1982 6  16 8 35 115 1 23
Товарный19 1984 6  11 4 52 122 2 5
Товарный15 1982 6  17 6 11 121 1 22
Пассажирский31 1982 6  14 4 34 112 1 9
Скорый7 1983 6  21 5 49 123 1 5
Скорый28 1984 8  10 4 5 115 2 8
Товарный13 1983 7  11 5 3 116 2 21
Скорый29 1984 7  20 6 32 99 2 10
Скорый28 1983 6  13 6 4 110 1 10
Пассажирский17 1983 8  20 9 39 100 1 16
Товарный28 1983 7  15 6 39 116 1 5
Скорый25 1982 7  14 4 36 115 2 16
Пассажирский20 1984 7  20 7 19 108 0 16
Пассажирский12 1984 6  12 5 31 112 0 1
Пассажирский25 1984 7  19 9 28 118 1 12
Товарный29 1982 6  19 9 9 120 2 1
Пассажирский24 1983 7  20 4 32 117 0 23
Скорый35 1982 6  20 7 13 113 1 13
Пассажирский32 1982 6  15 4 9 107 1 4
Товарный32 1984 7  12 9 17 107 1 8
Товарный27 1984 8  21 7 45 105 1 10
Скорый37 1984 7  18 9 13 109 2 7
Пассажирский6 1984 8  21 7 34 104 2 10
Скорый38 1982 6  20 8 6 101 0 11
Скорый39 1982 7  18 9 32 109 1 2
Пассажирский10 1982 7  12 6 33 101 0 16
Товарный38 1984 8  10 4 13 109 0 23
Товарный6 1983 8  20 4 24 113 2 6
Скорый22 1984 6  17 5 28 101 2 2
Скорый9 1984 6  13 7 57 118 1 22
Товарный5 1984 7  19 9 56 108 2 18
Товарный18 1982 6  12 9 29 101 0 23
Скорый18 1983 7  10 9 42 104 2 2
Пассажирский16 1983 6  21 7 19 114 2 8
Товарный6 1983 6  21 8 32 112 0 19
Пассажирский34 1983 8  16 8 37 107 1 16
Пассажирский13 1982 6  21 5 1 123 2 5
Товарный8 1984 7  17 5 15 119 1 12
Товарный15 1983 6  20 8 6 102 0 1
Пассажирский25 1984 6  11 9 22 103 0 0
Товарный1 1983 6  11 8 2 121 1 18
Товарный38 1982 7  12 4 59 106 1 1
Пассажирский33 1984 7  12 6 48 104 2 5
Пассажирский38 1983 6  12 9 13 102 2 10
Скорый26 1982 7  17 9 12 108 1 23
Скорый19 1982 6  11 7 56 111 0 5
Пассажирский36 1983 7  15 4 24 115 1 22
Товарный12 1982 8  11 8 40 109 1 20
Скорый7 1984 8  14 6 45 115 2 9
Скорый28 1984 7  10 9 20 103 0 0
Пассажирский25 1982 7  16 7 30 115 1 11
Скорый27 1982 8  13 5 14 123 1 1
Скорый37 1983 8  20 6 27 116 0 13
Пассажирский27 1983 7  21 6 30 113 0 15
Скорый22 1983 6  12 6 37 113 0 20
Пассажирский21 1984 8  21 5 1 105 1 8
Пассажирский20 1983 6  11 5 24 106 2 2
Пассажирский12 1983 6  16 7 41 110 1 10
Товарный30 1983 8  12 9 2 122 1 1
Скорый2 1982 8  12 9 31 101 2 3
Скорый40 1984 8  13 7 31 108 2 21
Скорый25 1983 7  16 5 53 123 2 15
Пассажирский22 1982 8  16 5 25 101 2 16
Пассажирский28 1982 6  18 4 21 113 0 8
Пассажирский33 1982 6  11 9 37 100 0 4
Пассажирский15 1984 8  15 4 24 105 0 4
Скорый17 1982 7  19 5 38 104 1 20
Пассажирский20 1984 8  10 6 23 115 0 12
Товарный27 1982 6  19 8 29 106 0 11
Товарный7 1984 8  20 5 50 123 1 17
Товарный36 1983 7  16 6 56 106 1 1
Скорый11 1982 7  19 8 35 99 1 19
Товарный15 1983 8  12 4 16 105 2 2
Пассажирский37 1982 7  12 4 30 100 2 4
Товарный35 1984 7  18 7 58 104 0 9
Скорый17 1983 8  21 5 29 106 1 17
Скорый40 1983 7  13 5 25 101 1 13
Пассажирский28 1983 6  18 5 51 116 0 10
Товарный19 1984 7  10 8 17 111 0 10
Пассажирский26 1983 7  12 7 40 120 1 4
Товарный31 1982 7  10 4 6 105 1 3
Товарный16 1984 7  21 5 48 103 1 21
Товарный38 1984 6  20 8 11 101 0 21
Пассажирский20 1982 7  17 8 4 110 0 16
Товарный40 1984 6  17 9 49 118 2 23
Скорый27 1983 7  12 5 24 100 0 17
Скорый26 1984 6  13 4 48 123 2 9
Пассажирский18 1982 7  19 7 3 115 1 1
Пассажирский34 1984 6  18 9 44 101 0 10
Товарный17 1982 8  17 6 31 110 1 13
Пассажирский18 1984 8  16 8 27 105 1 14
Пассажирский20 1982 7  12 7 32 107 2 5
Пассажирский19 1983 6  20 8 2 105 1 7
Товарный28 1984 6  19 7 43 113 2 16
Скорый27 1982 6  20 5 18 105 0 10
Товарный5 1983 6  17 9 30 111 0 23
Пассажирский1 1983 8  14 6 52 122 2 13
Товарный24 1983 6  18 4 36 120 2 18
Товарный16 1983 8  11 9 39 122 0 8
Скорый36 1982 7  13 4 30 119 0 5
Скорый34 1984 6  19 4 45 105 0 1
Товарный16 1984 7  19 6 16 110 1 7
Товарный23 1983 6  15 6 16 118 2 12
Товарный27 1983 6  19 4 1 121 2 11
Скорый13 1982 8  14 7 34 119 0 1
Товарный31 1984 6  17 8 55 107 1 23
Скорый17 1984 8  20 9 27 110 0 16
Скорый27 1982 8  19 9 4 100 1 13
Пассажирский15 1984 6  19 4 38 101 0 10
Пассажирский40 1984 7  13 7 21 116 2 9
Товарный6 1983 7  15 9 10 105 0 2
Товарный30 1983 7  21 7 11 112 2 10
Скорый7 1982 7  20 5 59 117 2 20
Скорый7 1983 7  19 9 31 122 2 3
Пассажирский23 1984 7  13 6 33 112 1 3
Скорый11 1982 8  14 5 53 120 1 3
Скорый34 1983 6  13 5 24 120 0 1
Пассажирский37 1983 8  12 5 53 116 2 3
Товарный10 1982 8  21 9 19 118 0 9
Пассажирский30 1984 8  13 5 34 102 2 0
Скорый32 1984 7  12 5 37 120 1 9
Скорый16 1982 8  10 4 43 105 0 18
Товарный26 1983 6  10 7 57 117 1 14
Скорый13 1983 6  12 6 40 116 1 4
Скорый5 1982 8  21 7 30 120 1 0
Товарный32 1982 7  14 8 48 117 0 11
Пассажирский28 1982 6  14 8 19 99 0 0
Пассажирский28 1983 7  12 6 31 109 2 20
Пассажирский17 1983 6  11 7 32 113 1 22
Скорый20 1983 7  13 6 26 111 1 17
Пассажирский35 1984 8  18 8 29 110 2 23
Скорый18 1982 8  16 4 28 115 2 11
Пассажирский17 1984 6  14 8 9 123 1 14
Товарный27 1984 6  18 9 16 99 2 14
Товарный5 1982 7  11 4 19 123 0 2
Скорый34 1984 8  15 7 14 99 0 9
Товарный27 1984 8  15 4 9 112 2 8
Товарный3 1982 7  14 4 3 115 2 12
Скорый20 1982 8  19 4 9 101 0 10
Пассажирский27 1982 6  21 5 48 121 0 23
Скорый38 1982 7  15 5 44 110 0 7
Товарный6 1984 7  17 5 16 102 1 16
Товарный13 1983 7  18 8 20 123 0 20
Товарный24 1982 8  10 8 8 115 1 13
Пассажирский23 1982 6  12 5 25 101 2 12
Товарный31 1984 7  11 5 24 104 2 18
Товарный4 1984 7  17 9 59 111 2 20
Пассажирский40 1982 8  20 9 40 102 2 12
Товарный5 1983 8  14 6 18 109 0 1
Товарный33 1984 8  19 6 5 106 0 23
Скорый39 1983 6  10 8 59 117 2 13
Товарный39 1983 6  11 6 24 118 0 13
Скорый39 1982 6  12 8 10 102 0 7
Скорый9 1984 7  15 4 6 120 0 15
Товарный14 1984 7  14 8 19 121 0 18
Пассажирский28 1982 6  20 4 9 101 2 16
Товарный32 1982 7  20 5 45 109 1 0
Пассажирский23 1982 6  14 7 39 114 1 0
Скорый10 1982 7  10 4 1 118 1 8
Скорый25 1982 8  11 8 49 110 1 5
Скорый10 1983 7  19 5 59 119 2 14
Скорый1 1983 8  16 4 22 115 0 1
Скорый11 1982 8  19 5 47 101 0 1
Пассажирский6 1984 7  20 6 48 106 0 15
Пассажирский16 1982 8  18 7 22 115 2 18
Товарный40 1983 8  18 8 31 119 2 7
Товарный7 1983 7  10 5 55 117 2 3
Товарный30 1983 8  15 5 57 100 0 12
Товарный34 1982 8  10 9 55 122 2 5
Товарный25 1982 7  12 6 29 105 2 3
Скорый10 1982 6  20 8 23 116 1 7
Товарный1 1983 7  12 7 23 109 2 6
Скорый37 1983 6  17 4 6 118 1 3
Пассажирский38 1982 6  17 8 18 107 1 1
Пассажирский33 1983 7  11 8 58 112 2 3
Скорый8 1983 6  16 9 16 119 2 21
Товарный40 1983 7  15 7 11 111 0 11
Пассажирский10 1983 7  14 4 27 116 1 19
Пассажирский38 1984 6  15 7 41 122 2 8
Скорый20 1984 6  21 8 21 100 0 11
Пассажирский16 1982 8  10 4 37 107 2 17
Товарный16 1983 6  11 4 10 117 2 4
Скорый39 1983 7  14 7 7 110 2 12
Товарный31 1983 8  18 7 4 99 2 14
Скорый29 1983 7  14 4 26 110 0 4
Товарный28 1983 8  20 8 11 101 0 6
Скорый31 1983 6  21 8 54 122 1 17
Пассажирский17 1982 6  21 7 21 100 0 18
Товарный3 1982 8  18 8 17 99 2 8
Товарный16 1983 7  14 6 28 100 2 21
Скорый11 1984 8  17 8 15 103 2 12
Товарный37 1983 6  11 5 42 115 0 12
Товарный26 1983 8  16 4 27 113 2 13
Скорый33 1982 7  12 8 56 122 0 10
Пассажирский14 1982 7  14 5 33 117 2 7
Пассажирский1 1983 8  19 8 7 116 2 16
Товарный23 1984 6  13 5 35 119 2 6
Скорый16 1983 6  18 7 27 105 2 17
Товарный30 1983 6  11 4 11 102 2 16
Товарный25 1983 8  12 4 42 112 1 4
Скорый16 1982 8  19 9 15 122 2 2
Товарный2 1982 6  21 9 0 108 1 10
Товарный21 1984 6  12 4 10 108 1 7
Товарный13 1984 8  18 9 48 107 2 18
Товарный20 1982 8  10 9 44 121 0 7
Пассажирский40 1984 7  21 6 27 109 1 19
Товарный9 1983 8  15 7 28 123 2 4
Пассажирский7 1984 6  21 9 38 123 0 2
Пассажирский9 1983 8  16 6 9 115 2 10
Пассажирский23 1983 7  17 5 45 102 1 13
Товарный20 1983 8  16 7 12 115 1 15
Пассажирский22 1983 6  19 4 21 121 1 14
Товарный11 1984 6  16 8 56 120 2 16
Скорый33 1983 7  19 8 10 118 0 3
Товарный4 1983 6  12 6 15 121 1 6
Пассажирский13 1982 6  21 9 30 99 2 13
Товарный28 1983 7  18 6 28 103 0 17
Пассажирский26 1982 7  18 6 10 123 2 7
Товарный4 1983 8  14 4 36 99 1 19
Пассажирский12 1984 6  21 4 39 110 1 16
Скорый22 1984 6  17 9 5 106 2 7
Товарный4 1982 6  10 9 31 119 1 4
Пассажирский1 1984 7  21 6 41 102 1 19
Товарный38 1984 8  19 9 28 103 2 8
Пассажирский35 1982 8  20 8 36 103 1 3
Товарный27 1982 8  19 7 29 104 1 12
Товарный22 1982 7  20 4 36 111 2 8
Товарный34 1983 8  11 9 47 107 0 6
Скорый14 1984 6  19 4 20 121 2 0
Скорый26 1983 7  14 8 46 116 1 20
Товарный25 1983 6  10 6 3 107 2 15
Товарный3 1982 6  13 7 21 112 0 17
Скорый39 1982 8  19 8 38 112 1 23
Товарный37 1984 7  19 6 23 122 2 19
Пассажирский12 1983 6  18 7 41 104 1 11
Товарный15 1983 8  17 7 35 99 1 20
Товарный11 1983 8  17 7 10 122 1 1
Пассажирский12 1984 6  21 6 29 111 0 23
Товарный13 1984 6  21 7 2 120 2 1
Товарный19 1984 7  11 4 6 118 0 13
Товарный18 1983 6  19 8 7 123 2 8
Пассажирский30 1982 7  13 5 8 116 2 16
Скорый30 1984 8  18 5 50 105 0 17
Товарный22 1983 7  13 4 11 103 0 23
Товарный39 1984 7  13 7 36 107 0 22
Товарный20 1983 6  15 5 8 123 1 19
Товарный37 1984 6  13 4 59 116 1 11
Скорый34 1983 7  20 7 51 111 1 1
Товарный35 1982 6  13 9 17 111 0 12
Скорый2 1982 6  20 7 3 120 0 16
Товарный37 1982 6  21 6 3 119 0 0
Скорый30 1982 8  14 8 59 109 2 13
Скорый26 1982 7  15 6 30 123 1 13
Пассажирский9 1984 6  18 6 25 117 1 20
Пассажирский36 1983 7  20 4 19 123 2 21
Скорый22 1983 6  19 9 50 120 2 17
Скорый12 1983 7  19 4 20 120 2 17
Скорый16 1983 7  11 6 32 109 1 8
Товарный27 1984 8  20 9 55 106 0 4
Пассажирский1 1982 6  11 5 34 115 2 9
Скорый6 1982 6  14 8 14 117 2 18
Пассажирский38 1982 7  15 9 3 99 1 8
Скорый25 1983 8  20 8 39 103 1 18
Пассажирский26 1984 7  14 9 19 112 0 4
Пассажирский23 1982 8  21 8 57 122 1 18
Пассажирский26 1983 7  21 9 15 111 0 21
Товарный31 1984 8  15 9 3 119 2 18
Товарный40 1984 8  20 5 44 103 1 11
Скорый19 1983 6  10 8 1 109 0 11
Пассажирский27 1983 8  18 5 18 101 0 20
Скорый21 1982 7  13 7 48 105 1 16
Товарный38 1983 8  17 8 36 102 1 5
Скорый27 1983 7  16 7 50 122 0 13
Скорый32 1983 6  21 4 42 115 0 20
Скорый20 1984 7  15 9 1 106 2 23
Товарный36 1982 8  15 7 23 108 1 13
Скорый19 1982 7  19 7 11 111 0 20
Скорый9 1982 7  20 7 20 116 2 20
Скорый27 1983 7  16 8 43 120 2 4
Скорый28 1982 7  19 7 26 105 1 18
Товарный34 1983 6  14 7 3 106 0 15
Товарный28 1983 6  10 9 19 111 0 3
Скорый35 1982 7  11 4 38 117 2 17
Пассажирский6 1983 6  20 7 2 106 0 22
Товарный38 1984 7  20 9 30 115 1 3
Товарный33 1984 6  19 7 24 107 2 13
Товарный10 1983 7  10 4 42 116 0 11
Пассажирский12 1984 7  19 6 57 123 1 16
Товарный38 1983 6  15 9 13 103 1 5
Пассажирский23 1982 8  19 7 33 117 2 21
Скорый3 1984 8  10 8 26 117 0 11
Скорый7 1983 7  20 5 44 100 2 10
Пассажирский14 1984 8  20 4 24 116 2 12
Пассажирский29 1982 6  15 4 51 115 1 14
Скорый12 1983 7  12 7 48 99 0 17
Товарный32 1982 8  19 6 27 122 1 11
Скорый14 1983 8  13 4 29 110 0 13
Скорый1 1984 6  11 8 22 105 2 16
Скорый23 1984 8  17 7 23 117 1 20
Скорый31 1983 6  12 5 56 111 1 7
Товарный19 1984 8  17 9 3 112 2 12
Пассажирский28 1984 7  18 7 41 115 0 2
Товарный34 1983 8  19 4 15 107 2 4
Товарный32 1984 6  20 8 0 108 2 10
Пассажирский28 1982 6  16 7 5 105 1 10
Товарный20 1982 8  10 8 19 102 1 2
Скорый39 1982 8  18 5 13 113 0 0
Пассажирский25 1982 8  17 5 37 101 2 8
Пассажирский7 1982 8  12 4 55 113 1 9
Товарный17 1983 8  13 8 43 105 1 6
Товарный5 1983 6  16 5 56 123 1 0
Скорый5 1984 8  10 9 15 118 0 8
Пассажирский34 1983 7  17 6 49 105 1 18
Товарный24 1983 7  20 7 56 117 1 6
Скорый28 1982 8  18 9 13 102 1 21
Пассажирский4 1984 8  21 4 51 110 1 4
Пассажирский2 1983 8  18 7 35 110 0 23
Скорый12 1984 6  16 8 43 109 2 0
Скорый29 1984 6  21 8 40 119 2 3
Товарный1 1983 6  20 8 23 103 1 20
Скорый23 1984 8  10 7 26 118 0 2
Скорый40 1984 6  12 6 56 104 1 3
Скорый32 1984 7  18 9 45 123 0 6
Товарный10 1982 7  12 8 7 120 2 0
Товарный14 1982 7  12 7 34 115 2 20
Пассажирский21 1982 7  20 4 45 103 0 21
Скорый20 1984 7  18 6 45 117 1 10
Пассажирский4 1983 7  21 4 17 112 0 17
Пассажирский14 1983 7  19 7 49 105 2 22
Товарный34 1984 7  14 6 23 112 0 5
Скорый35 1984 8  18 5 46 103 2 10
Скорый20 1982 8  16 6 54 115 1 8
Пассажирский11 1982 6  15 7 2 110 2 4
Пассажирский23 1984 6  15 4 30 117 2 17
Пассажирский27 1983 6  16 4 30 120 2 10
Скорый23 1982 8  19 6 15 100 1 12
Пассажирский38 1982 7  18 9 52 107 2 5
Пассажирский10 1984 6  18 5 1 122 1 17
Скорый14 1982 6  12 5 32 117 1 13
Пассажирский35 1983 6  16 5 1 111 2 9
Пассажирский3 1983 8  11 5 31 116 1 13
Скорый11 1983 7  14 9 24 116 1 9
Пассажирский34 1982 8  20 7 9 117 0 15
Скорый20 1984 7  18 6 38 118 2 4
Скорый18 1983 6  15 8 35 106 2 3
Скорый7 1982 6  15 6 25 119 2 20
Товарный10 1984 6  16 4 13 110 2 20
Скорый40 1983 7  19 9 50 111 0 16
Пассажирский30 1983 8  19 5 45 120 0 11
Скорый16 1984 7  13 4 43 110 0 4
Товарный12 1983 8  11 4 55 101 0 15
Скорый35 1982 6  13 5 18 100 0 21
Пассажирский33 1984 6  15 8 23 119 2 5
Скорый19 1983 7  13 6 18 120 0 3
Скорый33 1984 8  12 5 5 113 0 4
Пассажирский36 1983 8  17 4 1 109 0 11
Скорый30 1984 7  18 5 0 100 2 20
Скорый32 1983 6  14 5 24 123 1 13
Пассажирский8 1983 6  10 5 10 111 2 15
Пассажирский6 1983 8  11 8 41 101 1 11
Товарный30 1984 7  16 9 45 107 1 16
Товарный14 1983 6  16 8 10 111 1 3
Товарный27 1983 6  21 7 26 108 2 18
Скорый24 1982 8  19 5 34 99 2 6
Пассажирский28 1984 8  10 6 38 116 1 12
Товарный29 1982 7  13 9 41 116 2 9
Товарный32 1983 7  14 6 45 122 1 20
Пассажирский21 1982 7  18 6 12 102 0 4
Пассажирский40 1984 7  10 4 51 116 1 0
Товарный26 1982 8  11 6 42 115 0 17
Пассажирский1 1982 7  15 7 36 123 0 20
Товарный29 1984 7  19 7 48 109 2 23
Пассажирский24 1984 6  13 7 4 118 1 8
