Товарный28 1984 7  16 4 4 118 1 22
Товарный26 1982 6  12 5 11 110 0 1
Скорый5 1984 8  18 7 22 116 0 14
Товарный7 1982 7  17 9 52 118 0 11
Товарный12 1983 8  17 7 44 122 0 2
Товарный5 1983 7  19 9 19 111 0 22
Пассажирский36 1983 7  12 8 46 112 0 14
Товарный6 1984 6  19 4 50 119 0 2
Скорый24 1983 8  18 8 20 105 1 12
Скорый40 1984 6  16 6 58 111 1 2
Скорый36 1982 8  12 7 30 103 0 7
Товарный26 1982 6  19 9 9 119 1 20
Пассажирский11 1983 8  20 7 47 104 0 17
Товарный31 1982 7  21 7 10 115 1 21
Пассажирский8 1982 8  12 5 29 119 0 9
Товарный27 1984 6  21 4 8 112 1 2
Пассажирский40 1984 8  19 5 3 122 2 0
Пассажирский37 1983 6  13 4 21 120 1 14
Пассажирский15 1984 7  18 4 38 117 1 5
Товарный14 1983 7  15 4 21 106 1 0
Товарный17 1982 7  18 5 29 99 0 23
Товарный9 1982 6  11 7 2 113 2 12
Пассажирский28 1984 6  16 4 0 122 2 10
Товарный2 1983 7  16 4 37 108 2 5
Товарный20 1982 7  14 7 11 107 2 22
Товарный35 1984 8  12 8 26 102 0 8
Пассажирский23 1984 7  13 6 18 105 0 12
Товарный37 1983 6  12 6 32 99 2 4
Товарный9 1983 8  11 8 43 104 0 9
Пассажирский27 1984 8  16 9 32 106 0 9
Товарный10 1984 7  11 6 55 99 0 16
Пассажирский21 1983 7  14 5 3 113 0 22
Пассажирский38 1983 8  14 7 35 117 1 18
Товарный3 1984 8  17 6 1 113 0 23
Товарный36 1982 8  15 6 8 111 1 9
Пассажирский39 1983 7  12 4 4 105 1 6
Скорый11 1984 6  13 4 59 118 2 13
Скорый31 1984 8  12 8 33 110 0 17
Пассажирский26 1982 8  20 9 25 101 2 6
Скорый35 1984 6  11 9 50 107 2 12
Пассажирский31 1983 8  18 4 5 116 1 11
Товарный20 1982 8  18 5 4 117 0 23
Пассажирский33 1984 8  20 6 11 99 2 9
Товарный21 1984 7  20 6 14 112 2 11
Пассажирский1 1982 7  12 6 10 109 2 8
Товарный6 1982 7  12 5 22 107 1 8
Пассажирский5 1982 7  13 8 52 118 0 10
Пассажирский38 1982 6  16 5 47 100 2 10
Пассажирский7 1984 7  17 7 14 101 1 21
Пассажирский1 1984 7  11 9 56 122 1 14
Пассажирский21 1984 6  13 5 46 104 1 10
Скорый1 1984 8  17 6 43 112 2 6
Скорый34 1983 6  10 9 47 114 1 22
Товарный1 1984 7  17 9 8 101 2 13
Скорый29 1983 7  10 5 0 104 0 9
Скорый31 1983 6  19 4 56 105 1 7
Скорый32 1982 6  18 5 2 120 0 13
Товарный2 1984 6  14 5 5 103 0 15
Товарный3 1984 8  15 5 52 103 1 8
Скорый4 1984 6  12 5 48 116 1 23
Скорый32 1984 6  12 9 5 108 0 13
Пассажирский24 1984 8  12 5 21 103 1 18
Скорый34 1982 7  10 9 48 111 1 0
Пассажирский16 1984 6  12 4 37 110 2 14
Скорый34 1983 6  20 6 32 99 1 8
Товарный16 1982 6  20 9 28 114 2 17
Пассажирский26 1984 8  12 4 40 100 0 9
Товарный6 1982 6  14 7 49 102 1 16
Товарный37 1984 6  14 9 21 116 1 1
Скорый38 1982 7  19 4 52 112 1 7
Скорый29 1982 8  20 4 6 99 1 19
Скорый24 1982 6  17 8 23 105 1 5
Товарный23 1984 6  14 4 44 115 0 11
Пассажирский20 1984 7  14 4 27 122 1 15
Товарный36 1984 8  20 9 18 120 2 17
Товарный25 1982 7  16 8 8 119 0 9
Скорый33 1984 8  13 7 3 119 1 8
Товарный10 1983 6  10 7 3 102 0 23
Товарный24 1982 8  18 6 2 112 1 9
Товарный9 1983 7  10 8 3 123 0 10
Скорый24 1983 7  19 5 18 109 0 11
Скорый40 1983 7  12 6 15 118 1 1
Скорый2 1982 8  12 4 35 108 1 13
Товарный37 1982 7  19 5 26 100 1 12
Пассажирский13 1982 7  15 4 16 114 0 7
Скорый13 1982 8  13 7 35 106 1 8
Скорый12 1982 6  20 8 30 114 1 21
Товарный13 1982 8  12 5 54 107 2 16
Пассажирский5 1983 6  18 8 28 108 1 5
Товарный36 1982 7  15 7 16 102 0 17
Пассажирский29 1983 6  21 6 0 123 0 10
Товарный20 1984 8  11 7 3 120 2 0
Скорый34 1982 6  12 9 58 121 0 2
Пассажирский2 1982 7  19 5 9 114 1 23
Скорый25 1984 8  13 4 15 104 0 21
Товарный35 1983 7  17 8 54 108 1 5
Пассажирский40 1982 7  10 5 8 122 2 22
Пассажирский9 1982 7  18 8 3 122 1 5
Пассажирский6 1984 8  13 9 7 107 0 14
Пассажирский30 1982 6  18 4 13 108 0 18
Скорый9 1982 7  10 4 5 120 1 15
Пассажирский8 1983 6  20 7 46 114 2 9
Товарный16 1982 7  20 7 1 123 2 22
Скорый29 1984 7  14 7 7 106 1 6
Скорый10 1983 7  14 6 53 114 0 4
Товарный9 1983 8  12 9 54 105 2 3
Товарный13 1984 7  16 4 23 112 0 21
Пассажирский37 1983 8  18 4 22 107 2 22
Скорый19 1982 6  18 4 50 122 0 2
Пассажирский9 1983 7  13 6 15 114 0 10
Товарный18 1983 7  15 7 50 115 0 4
Пассажирский21 1984 8  10 9 35 111 0 16
Скорый27 1984 6  13 8 9 112 0 2
Пассажирский36 1982 6  18 9 30 108 2 15
Пассажирский5 1984 8  15 4 3 104 0 21
Скорый17 1984 7  10 4 16 117 0 1
Пассажирский26 1983 6  20 6 43 111 2 17
Скорый6 1982 7  16 4 34 101 1 8
Скорый1 1982 7  19 7 31 117 0 14
Пассажирский26 1982 6  20 4 29 114 1 16
Скорый21 1982 7  14 6 21 113 0 15
Скорый27 1984 6  18 8 19 123 0 22
Скорый5 1983 6  16 6 55 101 2 10
Пассажирский28 1983 8  16 4 15 104 0 1
Скорый13 1984 6  13 4 32 102 0 8
Скорый24 1983 8  20 9 26 103 1 23
Скорый21 1984 6  12 8 32 111 1 15
Пассажирский23 1983 7  16 7 8 107 0 3
Пассажирский32 1982 6  16 8 45 114 0 22
Скорый15 1984 7  17 4 31 117 0 5
Товарный32 1982 7  11 6 47 102 2 17
Пассажирский38 1982 7  21 4 30 100 1 19
Товарный15 1984 7  15 5 47 114 0 5
Товарный31 1983 6  16 4 17 101 2 13
Скорый24 1984 6  21 7 35 103 1 5
Скорый19 1984 7  12 9 8 119 1 6
Пассажирский7 1984 6  19 6 48 121 0 6
Товарный26 1982 6  20 4 10 106 0 18
Товарный37 1982 8  21 9 55 113 1 23
Скорый1 1983 7  18 5 32 102 2 10
Пассажирский40 1984 8  15 4 8 106 1 5
Товарный13 1983 8  15 4 8 109 2 7
Пассажирский2 1983 6  13 5 48 111 2 21
Товарный1 1982 7  16 6 59 121 0 6
Пассажирский8 1982 7  11 8 18 107 1 11
Скорый35 1982 6  11 8 49 109 0 16
Пассажирский30 1984 6  19 5 37 120 0 2
Товарный37 1984 6  15 4 59 102 0 14
Скорый33 1982 7  21 7 8 116 2 12
Скорый35 1982 8  12 8 21 118 2 18
Скорый13 1984 7  14 4 33 103 2 12
Товарный40 1983 7  14 9 32 122 0 0
Товарный31 1983 8  19 4 43 123 0 1
Скорый37 1984 6  16 5 38 103 2 6
Скорый36 1982 6  11 4 19 102 1 14
Пассажирский4 1983 6  19 5 15 117 2 1
Товарный27 1984 6  10 5 57 101 0 8
Пассажирский33 1982 6  11 7 35 115 0 10
Товарный32 1984 6  16 9 35 111 2 7
Товарный26 1982 6  14 4 18 102 0 17
Скорый11 1984 8  15 7 29 99 1 23
Пассажирский33 1982 7  11 8 22 121 2 16
Скорый40 1983 7  20 8 7 100 1 9
Скорый23 1984 6  10 8 48 104 2 18
Пассажирский24 1984 7  12 5 35 106 0 13
Пассажирский2 1983 6  13 4 4 121 2 5
Скорый39 1984 8  14 9 15 121 1 2
Пассажирский1 1984 8  13 5 41 99 1 6
Пассажирский14 1982 8  15 6 14 122 1 1
Товарный31 1983 6  10 7 9 121 2 19
Скорый11 1984 8  18 9 32 121 0 15
Пассажирский14 1984 6  20 7 46 122 1 22
Скорый15 1983 8  20 9 44 108 1 1
Скорый5 1983 7  16 6 37 102 2 0
Товарный40 1983 6  11 5 33 120 1 12
Товарный28 1983 6  17 8 47 110 1 11
Скорый32 1983 8  10 7 37 109 1 20
Пассажирский23 1984 8  14 6 17 116 2 21
Скорый22 1983 6  19 7 21 111 0 13
Товарный26 1983 7  15 5 15 108 0 1
Скорый27 1982 6  10 4 20 117 1 8
Пассажирский12 1984 7  19 5 0 117 1 0
Пассажирский14 1982 6  13 8 54 114 1 0
Товарный6 1982 6  10 8 36 108 1 15
Пассажирский3 1982 8  12 7 36 104 2 13
Скорый37 1982 8  15 6 26 114 2 10
Пассажирский33 1984 7  18 5 26 104 2 0
Пассажирский37 1983 8  16 5 16 111 1 1
Скорый3 1982 7  16 9 8 117 2 8
Товарный40 1984 8  17 5 20 102 1 1
Пассажирский2 1983 6  20 7 49 107 2 4
Товарный15 1984 8  10 4 29 112 1 6
Товарный8 1984 8  10 9 36 100 1 10
Товарный31 1983 6  19 9 30 120 2 15
Товарный7 1982 8  10 9 16 111 2 14
Скорый31 1984 8  13 9 25 100 2 2
Пассажирский18 1983 7  10 4 58 121 2 14
Пассажирский25 1983 7  21 9 44 114 2 1
Пассажирский4 1982 7  19 7 25 120 1 21
Пассажирский23 1983 6  12 7 15 114 0 12
