Скорый17 1983 6  19 6 30 111 1 9
Скорый16 1982 8  21 8 58 123 0 11
Товарный13 1983 8  11 6 14 116 1 1
Скорый34 1982 8  14 5 34 115 1 19
Пассажирский12 1984 7  19 9 34 119 2 5
Товарный30 1983 6  12 7 17 110 2 13
Товарный30 1983 7  16 6 57 116 0 20
Товарный24 1982 6  14 5 32 113 1 7
Пассажирский11 1983 6  21 7 6 123 1 4
Товарный30 1982 7  15 6 14 118 2 5
Товарный33 1984 8  19 9 11 121 1 1
Товарный16 1982 7  13 4 10 104 2 16
Пассажирский10 1984 7  13 9 48 122 0 15
Товарный34 1984 7  19 9 7 123 2 5
Товарный36 1983 6  16 8 57 118 2 1
Пассажирский7 1982 8  17 8 32 107 1 1
Скорый26 1983 8  10 5 17 115 0 3
Скорый24 1984 7  13 4 48 113 2 11
Скорый26 1984 6  20 7 48 122 0 12
Скорый13 1984 6  21 5 38 100 0 11
Пассажирский40 1983 8  18 9 6 100 0 7
Пассажирский18 1982 6  19 5 59 110 2 1
Скорый3 1984 8  18 7 1 122 0 20
Пассажирский37 1984 7  13 9 36 115 2 8
Скорый37 1984 6  19 7 52 110 1 10
Товарный7 1984 6  10 4 35 112 2 12
Скорый9 1984 6  18 7 5 109 0 23
Товарный40 1983 7  19 5 14 102 2 16
Скорый24 1984 7  10 9 57 103 0 11
Скорый16 1983 7  18 9 26 102 1 21
Пассажирский19 1982 8  14 8 18 115 1 17
Пассажирский3 1983 8  20 9 8 103 0 16
Пассажирский15 1984 7  16 9 13 100 2 14
Скорый19 1982 7  17 9 29 122 0 18
Скорый6 1984 8  12 8 16 100 2 7
Скорый36 1984 8  17 5 19 103 1 6
Товарный10 1983 6  16 5 34 122 1 6
Товарный27 1982 6  21 4 40 114 1 6
Скорый31 1982 8  17 7 45 120 1 13
Скорый24 1982 7  15 5 2 119 1 14
Пассажирский8 1984 6  11 8 24 105 2 6
Пассажирский38 1983 8  21 4 44 105 1 5
Скорый10 1983 6  17 4 46 107 1 1
Товарный8 1983 8  16 5 15 102 2 16
Товарный16 1982 7  12 8 58 104 0 6
Товарный38 1984 6  16 6 39 111 2 9
Товарный6 1982 6  21 4 4 108 0 5
Пассажирский32 1984 8  15 8 11 114 2 16
Скорый2 1983 7  20 7 42 114 0 20
Пассажирский25 1984 7  10 5 43 110 0 0
Товарный6 1983 7  11 6 51 123 1 1
Пассажирский39 1982 6  19 7 30 102 1 21
Товарный34 1983 8  19 9 41 103 2 17
Пассажирский2 1983 8  21 4 39 116 1 20
Товарный18 1983 7  17 7 14 110 0 15
Пассажирский2 1984 6  13 4 20 117 2 10
Товарный12 1983 7  13 4 25 120 0 16
Пассажирский29 1983 7  17 9 44 111 2 9
Товарный20 1983 7  18 9 33 106 1 5
Скорый33 1984 8  13 8 33 102 1 0
Скорый35 1982 7  14 8 58 103 2 2
Товарный38 1983 6  13 5 58 110 2 10
Пассажирский28 1983 6  16 8 58 102 0 23
Пассажирский7 1983 6  13 5 54 101 1 10
Скорый32 1983 6  14 5 34 119 2 21
Пассажирский27 1984 7  12 8 57 102 0 13
Скорый13 1984 8  13 4 45 104 0 2
Пассажирский14 1982 8  19 7 33 105 0 8
Пассажирский18 1982 7  13 7 36 106 0 16
Товарный21 1984 8  16 5 53 110 2 18
Пассажирский21 1984 8  15 9 15 108 1 2
Товарный1 1983 7  14 4 49 120 1 12
Товарный16 1984 8  16 6 48 114 0 8
Пассажирский11 1984 7  14 9 53 114 2 0
Товарный8 1984 8  11 6 7 103 1 5
Товарный33 1983 8  13 6 12 103 1 16
Товарный16 1984 7  15 6 29 114 1 7
Товарный15 1982 6  20 9 47 107 2 0
Товарный38 1983 7  21 7 28 112 2 14
Товарный1 1983 6  19 4 51 110 1 14
Пассажирский12 1983 7  18 6 14 110 1 23
Скорый23 1983 6  14 8 15 110 0 0
Товарный17 1983 7  18 7 37 112 2 3
Товарный26 1982 7  20 6 22 104 1 14
Пассажирский7 1983 6  16 8 15 109 2 3
Пассажирский29 1983 8  17 6 56 106 2 2
Пассажирский8 1984 7  21 8 57 103 1 15
Пассажирский39 1984 8  10 8 57 100 1 4
Скорый36 1983 6  14 7 37 107 2 23
Пассажирский8 1984 7  15 8 30 109 1 2
Товарный14 1983 7  15 6 59 122 0 17
Товарный17 1983 6  18 6 16 113 2 8
Пассажирский24 1982 8  13 7 29 123 0 19
Скорый9 1982 8  13 4 11 101 0 3
Пассажирский27 1982 8  15 6 39 123 1 11
Товарный13 1982 8  13 5 32 108 1 4
Скорый35 1983 7  16 5 45 105 0 20
Товарный38 1984 7  20 9 13 123 0 3
Скорый26 1982 7  11 4 19 119 1 3
Товарный33 1984 8  11 4 27 112 1 17
Пассажирский20 1982 7  15 7 4 107 0 19
Пассажирский3 1982 7  21 7 37 105 0 18
Товарный26 1984 6  16 7 4 118 0 21
Скорый11 1984 6  11 6 20 103 0 18
Пассажирский26 1982 8  10 7 55 102 0 4
Скорый20 1982 7  17 8 51 114 1 23
Пассажирский37 1983 8  14 9 2 122 2 7
Товарный18 1984 8  16 4 13 118 0 7
Скорый35 1984 7  11 9 55 117 0 16
Скорый20 1984 8  13 8 40 121 1 11
Товарный20 1983 7  18 9 3 122 1 4
Скорый18 1984 7  10 4 23 116 2 19
Скорый32 1983 7  20 8 45 114 1 20
Скорый33 1984 8  19 8 39 107 0 4
Товарный33 1982 8  10 5 52 106 2 11
Пассажирский20 1983 8  19 5 6 99 2 15
Пассажирский6 1983 7  10 5 58 99 1 15
Скорый5 1984 7  15 9 56 113 2 11
Скорый20 1983 8  21 9 3 122 2 21
Товарный20 1982 8  15 8 34 106 2 13
Скорый7 1983 8  13 4 43 111 0 0
Скорый15 1984 6  19 5 24 120 0 22
Товарный22 1983 8  16 4 43 100 2 9
Пассажирский18 1983 6  20 8 23 108 1 22
Товарный8 1984 8  13 8 50 119 0 13
Пассажирский16 1983 8  12 5 27 108 2 7
Скорый9 1983 7  10 7 48 117 2 11
Товарный18 1984 7  18 5 10 122 2 5
Товарный17 1982 6  18 4 18 119 0 13
Товарный6 1983 6  11 4 49 115 2 4
Товарный22 1983 8  20 6 20 117 0 9
Скорый12 1982 6  17 5 33 121 1 9
Пассажирский8 1983 8  12 4 27 103 1 0
Скорый29 1983 7  13 8 58 112 0 21
Скорый37 1982 8  18 6 50 112 0 13
Товарный28 1982 8  14 7 7 111 1 7
Пассажирский38 1982 7  21 7 16 110 0 17
Скорый17 1982 7  14 6 41 116 2 17
Скорый1 1983 8  13 4 7 116 0 7
Пассажирский19 1983 7  10 9 14 122 2 5
Пассажирский7 1984 7  18 5 8 117 0 3
Скорый5 1984 8  17 9 20 104 2 9
Скорый33 1983 6  11 6 28 104 2 0
Товарный36 1984 8  18 6 28 121 2 8
Скорый30 1982 6  10 8 1 114 2 9
Пассажирский15 1983 8  15 6 23 122 2 18
Скорый16 1982 7  10 4 38 110 0 23
Товарный23 1982 7  20 7 22 115 1 23
Товарный16 1983 7  19 5 44 103 2 20
Товарный17 1983 8  12 8 25 115 2 16
Скорый6 1984 8  20 8 43 105 2 7
Скорый10 1984 6  21 9 52 112 0 6
Пассажирский36 1984 6  11 5 47 114 0 17
Товарный10 1982 8  10 9 3 103 2 22
Пассажирский37 1984 7  17 7 46 103 2 15
Пассажирский35 1982 6  17 9 6 99 1 20
Скорый2 1984 8  16 9 1 114 1 9
Пассажирский35 1984 8  13 4 40 99 0 23
Пассажирский20 1984 7  21 5 34 113 0 9
Скорый39 1982 6  10 5 0 122 2 21
Пассажирский32 1982 8  16 6 26 101 1 7
Пассажирский11 1982 6  20 6 37 104 2 8
Товарный40 1984 8  14 6 11 116 1 4
Пассажирский7 1984 8  13 4 4 117 0 1
Скорый6 1983 7  10 8 16 118 0 21
Скорый11 1982 7  10 6 30 105 0 11
Товарный14 1984 7  12 5 55 112 1 3
Пассажирский6 1984 8  15 5 31 121 2 3
Товарный12 1982 6  19 6 27 111 1 16
Пассажирский2 1982 7  18 4 16 116 1 14
Товарный10 1984 6  16 4 3 104 1 19
Скорый12 1983 6  21 9 36 121 1 18
Скорый6 1983 8  18 9 38 103 1 7
Пассажирский10 1982 6  20 8 5 117 2 18
Товарный3 1982 8  12 5 36 102 2 1
Скорый13 1984 7  14 4 32 102 1 20
Пассажирский31 1983 7  17 8 4 104 1 0
Товарный17 1983 8  21 8 35 107 1 20
Скорый5 1982 6  14 6 51 115 0 17
Скорый3 1984 6  11 8 11 121 0 22
Скорый11 1982 8  18 4 28 114 0 11
Товарный2 1982 7  19 4 30 112 0 23
Скорый30 1983 8  21 7 57 107 0 0
Товарный24 1984 6  10 5 57 108 0 5
Пассажирский28 1982 8  17 5 49 111 1 20
Пассажирский1 1983 6  18 7 49 113 2 17
Скорый9 1982 8  14 8 27 118 2 11
Пассажирский20 1983 6  12 9 18 105 1 17
Товарный30 1984 6  21 8 31 112 1 13
Товарный27 1982 6  17 7 13 101 2 9
Пассажирский14 1982 8  12 6 14 117 0 21
Скорый21 1982 8  20 4 11 111 1 20
Пассажирский34 1983 8  15 8 24 112 1 18
Скорый3 1982 6  19 5 26 122 1 7
Товарный8 1984 7  21 6 21 122 0 21
Товарный26 1983 7  19 9 15 103 0 7
Скорый23 1984 7  21 6 59 115 0 4
Пассажирский6 1982 7  10 6 27 110 2 20
Пассажирский21 1984 8  18 6 58 99 2 14
Товарный16 1982 8  11 7 3 99 0 6
Пассажирский12 1982 8  18 9 8 106 2 23
Скорый32 1984 8  20 7 38 110 0 14
Скорый34 1983 8  11 9 25 107 0 5
Товарный29 1982 6  15 5 57 121 1 15
Товарный16 1982 7  19 4 27 117 1 20
Пассажирский28 1983 8  12 5 51 117 1 14
Пассажирский28 1984 8  13 5 14 99 1 22
Пассажирский15 1982 7  19 4 33 99 1 15
Пассажирский34 1984 8  19 4 33 100 2 8
Товарный40 1983 8  13 5 28 102 1 1
Товарный8 1982 6  18 7 29 104 1 0
Товарный22 1982 7  17 9 12 110 0 13
Скорый17 1984 7  20 4 10 99 1 2
Скорый14 1984 8  20 6 39 106 2 10
Товарный4 1983 6  17 9 41 100 2 13
Товарный30 1982 7  12 4 47 119 1 4
Скорый13 1982 8  12 7 54 107 2 1
Скорый29 1984 7  13 4 20 103 2 14
Скорый4 1983 6  11 7 46 121 2 11
Товарный14 1983 7  13 4 10 103 0 5
Скорый12 1982 7  21 7 18 105 0 19
Пассажирский6 1982 7  14 6 50 115 1 15
Пассажирский38 1983 7  19 8 9 123 0 21
Пассажирский19 1984 8  21 8 54 113 1 19
Скорый23 1982 8  14 4 48 112 1 7
Пассажирский24 1983 7  20 8 59 118 2 10
Пассажирский14 1983 8  19 7 4 116 0 19
Пассажирский6 1982 8  16 9 34 103 1 22
Пассажирский18 1984 6  11 7 1 101 2 12
Скорый4 1982 8  12 5 33 120 1 1
Скорый19 1984 7  21 5 28 110 2 21
Товарный26 1984 6  17 4 3 111 1 8
Скорый15 1984 6  21 9 48 119 2 16
Скорый26 1982 7  16 6 49 107 2 2
Товарный16 1982 6  15 4 1 102 0 12
Скорый23 1984 7  12 8 47 113 0 3
Товарный19 1982 7  11 6 6 110 2 3
Скорый34 1983 8  11 4 0 107 0 21
Товарный36 1983 8  15 4 6 113 1 2
Скорый2 1984 8  14 4 6 115 0 17
Скорый23 1983 7  10 8 20 109 0 9
Пассажирский27 1984 6  12 5 17 122 0 2
Пассажирский34 1984 8  11 6 14 108 2 13
Товарный10 1982 7  17 5 17 110 2 2
Скорый1 1983 7  10 9 55 121 0 19
Скорый23 1983 7  19 6 17 113 2 9
Скорый9 1982 7  14 5 11 106 1 7
Пассажирский4 1983 7  14 9 5 104 2 2
Скорый25 1982 6  19 7 16 118 0 14
Товарный13 1983 7  19 4 59 118 0 0
Скорый21 1984 7  13 7 3 123 2 9
Пассажирский40 1984 7  20 4 34 120 1 9
Пассажирский5 1983 7  10 6 44 106 2 2
Скорый22 1982 6  18 9 12 117 0 8
Пассажирский37 1982 6  11 4 42 99 1 19
Скорый34 1983 7  20 5 25 112 2 17
Пассажирский5 1983 7  17 8 46 99 0 21
Пассажирский33 1982 8  16 5 56 100 2 8
Пассажирский27 1982 7  14 6 50 114 2 22
Пассажирский26 1982 8  15 7 9 122 2 11
Скорый15 1984 6  18 9 56 122 2 22
Скорый15 1982 6  17 7 34 105 1 1
Товарный7 1983 8  20 5 4 100 0 3
Пассажирский28 1983 8  13 6 3 115 0 2
Пассажирский4 1983 6  12 4 14 116 1 2
Пассажирский16 1982 6  18 7 52 104 1 16
Пассажирский28 1983 7  15 6 28 109 2 17
Скорый9 1982 6  18 6 38 118 0 22
Пассажирский1 1983 6  16 7 19 111 1 2
Пассажирский12 1983 6  12 4 30 114 1 8
Товарный25 1982 6  17 4 0 110 2 2
Пассажирский36 1984 7  12 9 59 114 1 3
Скорый39 1982 8  10 4 22 105 0 11
Товарный2 1983 6  13 6 22 117 1 5
Товарный18 1984 7  16 8 13 100 0 6
Товарный6 1982 6  19 8 14 116 0 7
Скорый3 1983 8  21 4 33 120 0 5
Товарный4 1984 6  21 6 42 113 2 2
Пассажирский4 1982 6  19 7 8 103 2 23
Пассажирский27 1983 6  21 7 4 115 1 0
Пассажирский31 1982 8  15 5 1 112 2 13
Пассажирский33 1982 6  10 7 22 110 2 20
Товарный5 1984 7  15 7 19 120 2 4
Товарный26 1983 8  18 8 50 110 2 3
Пассажирский32 1982 7  10 8 57 121 2 19
Пассажирский2 1983 7  21 4 54 118 0 13
Пассажирский17 1983 8  15 5 58 102 2 22
Пассажирский24 1983 7  13 8 57 123 0 14
Скорый22 1982 8  20 6 47 108 2 4
Скорый22 1983 7  10 8 9 107 0 1
Пассажирский6 1982 6  21 5 10 123 2 22
Товарный30 1982 6  20 7 28 113 0 23
Товарный14 1984 6  21 6 2 120 1 1
Скорый7 1984 7  12 4 24 121 2 4
Пассажирский1 1984 6  19 8 5 99 2 13
Пассажирский15 1982 7  12 8 31 114 1 3
Товарный27 1983 8  12 5 46 105 2 22
Товарный34 1983 7  10 6 40 104 2 10
Пассажирский31 1982 8  19 4 24 104 0 18
Пассажирский19 1982 7  15 5 20 102 1 0
Пассажирский33 1983 7  13 6 54 104 1 3
Скорый2 1984 7  20 5 28 103 1 14
Пассажирский13 1983 7  19 6 48 101 0 8
Пассажирский7 1982 6  16 9 41 123 0 3
Товарный17 1984 7  21 8 29 107 2 23
Скорый37 1982 8  16 7 52 110 1 20
Пассажирский32 1984 6  21 5 14 121 0 13
Товарный10 1983 7  11 8 56 112 1 3
Скорый24 1983 6  16 8 10 117 1 8
Пассажирский14 1984 7  17 5 20 103 0 15
Товарный6 1983 6  20 7 55 121 0 4
Товарный25 1983 7  15 4 34 107 0 20
Товарный40 1983 6  14 6 9 112 0 5
Скорый18 1982 7  12 7 54 109 2 12
Пассажирский34 1984 8  13 8 45 122 2 12
Скорый4 1984 8  10 5 59 123 1 5
Пассажирский21 1982 6  16 9 15 122 1 12
Скорый27 1983 7  13 9 28 116 2 4
Скорый12 1984 6  12 7 19 110 1 7
Скорый31 1984 8  12 8 36 116 1 19
Товарный40 1982 7  20 4 13 113 0 20
Скорый24 1982 7  10 9 19 100 0 22
Товарный39 1982 6  16 7 17 110 1 19
Скорый10 1984 8  16 5 40 100 0 19
Товарный24 1982 7  12 7 2 122 2 5
Скорый26 1982 6  21 7 6 105 1 3
Скорый10 1982 6  18 5 14 104 2 13
Пассажирский34 1984 8  17 7 44 106 1 19
Товарный21 1983 8  19 9 13 122 1 2
Пассажирский24 1983 6  21 6 23 109 1 0
Пассажирский31 1984 7  19 7 27 101 2 9
Товарный30 1984 7  18 6 11 123 2 2
Товарный3 1983 8  10 4 36 106 2 22
Пассажирский13 1982 6  17 7 6 120 0 15
Товарный15 1982 7  17 5 3 110 2 3
Товарный10 1983 6  15 9 59 107 1 11
Пассажирский13 1982 6  17 9 23 113 2 4
Товарный37 1984 7  17 7 5 102 0 6
Скорый28 1982 6  19 8 10 104 2 1
Товарный23 1984 8  14 9 9 110 0 23
Пассажирский15 1984 6  20 7 38 104 1 5
Товарный28 1984 6  15 9 31 121 0 15
Товарный13 1982 6  18 5 21 118 0 6
Товарный40 1982 6  14 6 33 109 0 16
Скорый18 1982 7  14 5 50 112 2 22
Пассажирский38 1982 6  19 7 9 118 2 15
Пассажирский6 1982 6  16 9 37 99 0 1
Пассажирский7 1983 8  16 6 56 112 1 15
Пассажирский20 1984 7  17 4 56 116 2 7
Скорый8 1983 8  20 7 38 123 2 15
Скорый29 1983 7  20 7 7 113 2 20
Товарный30 1983 7  13 9 36 122 0 6
Пассажирский14 1984 6  20 6 11 123 2 22
Товарный37 1982 7  13 4 8 100 1 6
Пассажирский14 1983 7  16 8 49 119 1 22
Пассажирский39 1982 6  13 4 20 114 0 22
Пассажирский20 1982 8  19 5 13 121 0 10
Скорый18 1984 7  20 5 33 107 1 4
Скорый16 1982 6  10 9 56 103 2 2
Товарный37 1982 6  20 5 17 100 1 11
Пассажирский8 1984 7  19 4 9 112 0 8
Товарный35 1982 8  10 5 47 116 1 16
Пассажирский22 1983 6  12 6 17 109 1 13
Пассажирский32 1984 7  15 8 46 110 0 11
Пассажирский32 1984 7  12 5 56 122 0 17
Скорый36 1984 8  17 5 32 113 0 4
Пассажирский15 1983 7  16 7 52 115 1 3
Скорый5 1983 6  11 4 45 112 2 19
Товарный35 1984 8  17 8 11 123 2 18
Пассажирский17 1982 7  17 6 19 107 0 4
Товарный7 1983 6  16 4 3 113 2 3
Товарный11 1983 8  19 8 39 102 2 10
Пассажирский32 1983 6  15 4 59 116 0 3
Товарный13 1983 6  15 5 45 114 0 18
Скорый27 1984 7  11 7 32 112 0 6
Пассажирский16 1983 8  13 4 44 109 1 11
Скорый15 1982 8  14 8 6 116 0 8
Пассажирский23 1983 7  10 8 41 107 0 5
Скорый40 1982 7  19 5 59 119 0 4
Товарный26 1982 8  20 9 49 105 1 15
Товарный22 1983 7  15 4 3 116 0 19
Товарный9 1982 7  13 9 4 107 0 13
Скорый21 1982 8  13 8 29 115 1 7
Скорый6 1982 8  13 7 4 110 0 9
Скорый29 1982 6  16 9 18 118 2 1
Товарный31 1983 6  10 9 34 99 2 9
Товарный12 1982 7  12 4 0 112 0 14
Товарный20 1983 7  13 6 36 113 0 9
Товарный2 1982 6  19 8 9 120 2 0
Скорый14 1982 8  17 4 23 115 0 17
Пассажирский29 1982 8  10 8 53 100 1 12
Пассажирский24 1984 7  17 8 34 104 0 1
Товарный6 1982 6  20 6 0 119 1 23
Скорый34 1983 7  14 8 11 104 2 4
Пассажирский4 1982 6  21 5 36 105 1 22
Товарный11 1984 6  19 5 45 120 0 3
Товарный14 1982 8  14 7 54 116 2 14
Пассажирский31 1984 7  15 8 51 113 0 3
Скорый6 1983 8  19 6 47 114 0 17
Товарный25 1984 8  10 4 23 116 0 9
Пассажирский12 1983 7  13 5 26 118 0 9
Товарный17 1983 7  15 6 54 110 2 20
Пассажирский39 1984 8  14 9 39 104 2 9
Товарный40 1983 6  18 6 22 108 0 4
Товарный11 1982 8  15 7 7 115 0 18
Товарный28 1982 7  14 4 16 114 0 1
Товарный7 1982 7  13 5 26 110 1 3
Пассажирский31 1983 6  13 7 28 102 1 14
Товарный38 1984 6  11 9 0 103 2 20
Скорый12 1982 6  10 8 50 121 2 14
Пассажирский8 1983 6  18 7 51 120 2 20
Скорый29 1984 6  19 4 51 120 0 23
Скорый26 1984 7  17 5 53 120 0 1
Товарный14 1984 8  16 9 15 102 0 22
Товарный18 1984 7  14 5 54 105 2 7
Товарный13 1982 8  11 9 21 102 2 3
Скорый7 1984 8  21 7 47 102 1 13
Товарный22 1982 7  12 9 13 112 1 23
Скорый40 1982 8  12 8 21 118 2 19
Пассажирский25 1984 8  20 8 49 101 0 2
Товарный3 1983 7  19 4 16 111 2 8
Пассажирский38 1983 7  21 9 38 117 1 17
Пассажирский17 1983 6  18 4 24 109 2 19
Пассажирский28 1983 7  13 8 4 110 1 23
Пассажирский22 1983 8  12 9 29 101 0 8
Скорый38 1982 8  11 6 20 105 2 3
Товарный23 1983 6  14 9 6 119 1 5
Товарный30 1983 6  13 9 37 120 2 19
Пассажирский23 1983 7  20 9 3 120 0 20
Товарный38 1983 6  19 6 10 99 1 6
Пассажирский19 1982 6  18 9 41 119 1 11
Пассажирский28 1982 7  11 7 46 100 1 23
Пассажирский6 1982 6  10 4 15 110 1 18
Скорый21 1984 8  19 6 48 99 1 0
Скорый6 1984 8  17 5 2 103 2 5
Товарный6 1983 8  15 5 8 122 2 21
Товарный17 1982 8  19 4 5 108 2 18
Пассажирский14 1983 8  15 4 27 99 2 19
Товарный1 1984 6  11 4 10 106 0 21
Товарный15 1983 7  12 7 19 120 1 7
Пассажирский7 1984 7  19 9 48 104 0 9
Пассажирский6 1984 6  13 4 14 104 2 3
Пассажирский23 1984 8  21 5 42 121 0 9
Товарный40 1983 8  16 6 52 111 0 22
Скорый16 1984 7  19 5 44 119 2 16
Скорый23 1983 6  21 9 58 117 1 11
Скорый30 1984 8  11 7 28 118 1 13
Скорый13 1982 6  19 6 26 120 1 21
Скорый35 1982 7  21 6 3 103 0 18
Товарный16 1984 7  14 8 51 106 2 0
Пассажирский34 1984 6  12 7 5 111 1 6
Скорый14 1982 8  16 5 13 119 2 3
Скорый37 1983 8  19 6 9 114 0 17
Пассажирский19 1983 6  19 4 13 118 2 5
Пассажирский2 1983 7  14 5 9 119 2 16
Пассажирский16 1983 8  14 4 10 102 0 21
Скорый9 1984 6  21 4 17 116 1 9
Пассажирский13 1982 6  11 5 17 118 2 22
Пассажирский33 1984 8  15 6 14 111 2 1
Скорый2 1983 7  17 9 9 105 2 9
Товарный35 1983 7  10 8 5 123 0 19
Товарный18 1983 6  10 4 41 110 2 21
Пассажирский38 1984 8  21 9 20 102 0 11
Пассажирский32 1983 6  18 4 32 108 1 12
Скорый27 1983 7  15 4 18 103 1 12
Пассажирский14 1984 6  17 5 31 108 0 7
Товарный20 1983 7  11 7 54 99 2 14
Товарный19 1984 8  19 8 39 122 2 21
Скорый32 1983 6  11 5 45 116 2 4
Скорый5 1982 7  10 7 54 111 1 8
Скорый10 1984 8  14 8 48 101 0 20
Пассажирский7 1983 7  20 8 31 123 0 16
Товарный27 1983 7  20 7 27 117 1 7
Скорый12 1984 6  10 8 15 102 2 11
Скорый28 1983 6  12 7 31 116 0 4
Скорый20 1983 7  11 5 6 120 0 12
Пассажирский40 1984 8  17 8 38 117 1 7
Товарный21 1982 6  17 6 50 104 2 19
Скорый16 1984 7  21 7 41 105 2 7
Скорый5 1983 7  13 6 46 99 1 13
Скорый25 1983 6  18 9 25 101 0 0
Товарный7 1984 7  13 7 14 104 2 21
Товарный27 1983 8  17 7 58 99 1 22
Скорый12 1984 7  15 7 10 115 1 11
Скорый26 1983 7  12 7 5 104 0 19
Товарный4 1982 8  11 5 53 107 2 19
Скорый34 1983 6  15 8 36 100 1 2
Товарный20 1983 6  10 5 20 106 2 9
Пассажирский14 1983 8  18 8 58 113 1 20
Пассажирский17 1983 7  13 7 9 105 1 3
Пассажирский9 1983 6  13 6 56 119 1 10
Скорый22 1983 6  11 6 33 109 1 23
Товарный8 1984 7  16 8 42 105 2 20
Пассажирский9 1982 7  15 7 24 120 2 6
Товарный15 1982 6  13 6 30 117 0 8
Пассажирский4 1983 8  20 6 20 112 0 16
Скорый3 1984 8  16 7 27 100 2 7
Скорый19 1983 6  18 5 18 119 0 10
Пассажирский39 1983 8  18 9 21 117 0 13
Скорый1 1984 8  13 5 46 118 1 13
Пассажирский19 1983 7  12 6 20 116 1 7
Товарный40 1982 6  15 5 37 119 1 0
Товарный9 1983 6  21 9 21 112 2 9
Скорый23 1983 6  20 5 47 117 0 16
Товарный1 1984 8  17 9 12 103 0 15
Товарный22 1984 7  17 4 40 110 2 14
Скорый23 1984 7  16 8 31 116 2 19
Скорый40 1984 6  20 6 32 100 2 2
Скорый35 1983 7  12 5 2 102 2 17
Пассажирский31 1984 7  15 5 21 106 0 14
Пассажирский1 1984 6  11 5 32 102 2 7
Товарный38 1984 6  10 4 16 112 2 13
Пассажирский25 1984 8  19 7 10 108 1 8
Пассажирский2 1982 7  11 9 1 115 0 21
Пассажирский25 1983 6  10 6 58 122 0 19
Товарный2 1983 6  16 6 3 122 0 18
Скорый1 1983 7  20 7 38 102 2 7
Пассажирский33 1982 6  10 5 40 115 2 5
Товарный40 1982 7  16 4 26 100 2 17
Пассажирский1 1983 7  21 7 58 104 2 5
Скорый13 1983 7  15 7 58 108 2 8
Пассажирский17 1982 8  21 9 47 116 2 12
Пассажирский15 1984 7  11 8 48 109 1 16
Пассажирский34 1982 6  16 8 45 110 2 4
Товарный24 1983 8  11 8 53 106 0 22
Скорый38 1984 6  14 5 40 114 2 19
Товарный14 1983 8  13 8 58 105 1 3
Скорый9 1983 6  20 9 55 100 2 4
Пассажирский20 1983 8  17 6 38 115 2 20
Пассажирский28 1983 7  13 4 13 106 0 23
Товарный17 1984 7  13 9 14 102 2 16
Пассажирский31 1983 6  13 4 18 120 2 12
Скорый23 1982 8  13 7 32 123 1 3
Пассажирский31 1984 6  15 5 21 114 2 11
Скорый22 1982 8  12 4 51 105 0 18
Пассажирский32 1983 8  21 7 12 104 0 7
Товарный33 1982 6  19 9 59 111 1 8
Скорый4 1983 8  18 9 41 123 0 21
Пассажирский24 1982 7  20 9 48 117 1 0
Товарный12 1982 6  20 5 7 119 1 6
Товарный7 1983 7  19 5 4 101 0 11
Скорый13 1984 7  19 6 17 115 2 12
Пассажирский39 1983 6  21 6 37 123 1 20
Пассажирский30 1984 6  21 6 21 105 1 20
Скорый36 1984 7  13 6 44 118 0 1
Скорый25 1982 8  11 6 13 104 0 8
Скорый38 1983 6  15 5 52 119 2 21
Пассажирский24 1984 6  11 9 13 101 0 9
Товарный27 1984 7  17 6 14 107 2 19
Пассажирский34 1984 8  11 9 20 105 2 18
Товарный36 1983 8  17 4 6 105 1 13
Скорый29 1984 7  13 7 40 114 1 16
Товарный30 1984 8  16 4 1 102 2 13
Товарный21 1982 6  20 4 16 108 1 8
Товарный27 1984 6  13 5 23 111 1 20
Товарный38 1982 7  10 6 57 117 1 17
Товарный10 1982 8  10 4 3 122 0 17
Скорый6 1983 6  11 4 20 111 2 19
Скорый28 1982 8  21 8 37 117 0 3
Скорый14 1982 6  10 9 54 109 2 7
Пассажирский24 1982 8  15 4 36 100 2 9
Пассажирский25 1984 8  18 9 40 111 2 8
Товарный33 1984 6  16 7 29 116 2 9
Товарный37 1983 7  15 6 5 115 2 2
Товарный5 1982 8  18 9 27 101 0 8
Скорый2 1984 8  21 6 13 100 0 18
Пассажирский25 1984 6  19 4 12 117 2 17
Товарный1 1982 6  13 4 36 110 1 22
Пассажирский3 1983 6  16 8 56 122 2 18
Пассажирский38 1983 6  18 4 51 110 2 6
Скорый40 1983 6  16 8 36 110 2 10
Пассажирский24 1983 8  10 7 13 106 1 18
Товарный31 1983 7  10 7 57 115 0 7
Товарный24 1984 6  17 9 9 109 0 6
Пассажирский36 1984 6  11 4 57 121 1 15
Товарный23 1982 6  10 6 3 123 1 11
Товарный25 1984 7  14 7 17 120 2 12
Скорый5 1983 7  13 8 20 103 2 7
Пассажирский1 1982 8  16 5 1 107 2 21
Скорый23 1982 8  16 5 55 122 2 7
Товарный6 1983 8  11 7 20 114 1 9
Пассажирский7 1984 7  10 7 48 100 2 19
Скорый6 1982 8  10 8 0 107 0 23
Пассажирский34 1984 6  12 8 35 103 1 18
Пассажирский33 1982 7  18 8 45 102 2 12
Пассажирский6 1983 8  20 4 42 123 2 15
Пассажирский38 1982 6  15 9 16 103 2 12
Скорый2 1984 7  11 6 6 113 2 12
Пассажирский14 1982 6  17 8 3 119 0 5
Товарный18 1984 7  11 4 52 118 2 6
Пассажирский40 1983 8  18 9 6 103 0 0
Пассажирский27 1983 6  10 4 14 112 2 17
Скорый14 1982 7  20 7 16 109 0 8
Пассажирский35 1982 7  13 5 52 107 1 4
Пассажирский39 1984 6  11 9 59 113 0 15
Пассажирский4 1982 6  16 6 49 121 1 7
Пассажирский30 1982 8  19 4 57 117 1 7
Пассажирский10 1983 6  17 5 41 115 1 20
Пассажирский11 1983 7  14 7 36 103 1 22
Скорый18 1983 6  19 6 5 99 0 20
Пассажирский40 1984 8  18 7 8 113 1 21
Товарный5 1984 6  16 6 52 118 1 19
Товарный14 1983 6  21 5 54 110 1 10
Скорый21 1983 8  18 7 40 114 1 22
Пассажирский24 1983 6  13 7 48 120 1 4
Скорый22 1983 6  10 5 41 104 2 19
Пассажирский7 1984 8  13 4 59 104 0 6
Скорый24 1982 6  18 9 41 122 1 17
Скорый24 1984 7  16 8 32 109 2 23
Скорый36 1983 7  17 9 16 111 1 1
Скорый27 1983 8  14 6 31 110 1 9
Пассажирский29 1983 6  12 8 21 111 2 4
Товарный20 1984 6  12 9 37 123 0 16
Пассажирский33 1982 7  11 9 57 121 1 6
Товарный31 1982 7  12 8 52 107 2 22
Пассажирский39 1983 6  13 4 26 118 2 4
Скорый7 1984 6  20 7 40 101 1 4
Пассажирский27 1984 8  15 9 55 117 1 10
Пассажирский7 1982 6  18 9 23 112 2 11
Пассажирский39 1982 6  19 6 23 102 1 15
Пассажирский28 1983 8  17 7 40 112 1 2
Товарный35 1984 6  20 8 1 113 1 12
Скорый10 1984 8  10 7 17 122 0 2
Скорый16 1982 8  21 5 14 109 2 18
Товарный14 1984 6  14 9 30 113 1 16
Пассажирский1 1984 7  15 4 12 101 2 20
Товарный36 1982 8  19 9 38 115 1 11
Скорый35 1984 6  18 9 37 123 1 20
Пассажирский33 1983 7  13 4 12 113 2 6
Пассажирский30 1983 7  19 6 10 100 0 18
Пассажирский3 1983 8  18 7 9 102 0 15
Скорый3 1984 8  11 4 22 123 2 1
Товарный31 1983 8  16 4 49 123 2 9
Скорый24 1984 6  16 4 3 114 0 11
Пассажирский10 1983 6  14 9 10 103 1 23
Скорый1 1982 6  21 6 43 123 2 16
Пассажирский12 1983 7  17 9 57 104 0 2
Скорый33 1983 6  21 9 26 111 0 11
Скорый9 1983 6  16 6 59 115 1 11
Товарный26 1982 7  19 8 23 122 1 21
Пассажирский9 1982 6  11 9 30 104 1 4
Скорый16 1982 8  16 8 40 104 0 14
Пассажирский10 1983 6  19 4 8 115 1 3
Скорый36 1982 7  10 4 3 105 2 0
Скорый21 1983 7  10 8 15 123 1 17
Товарный15 1983 8  18 7 33 99 2 5
Товарный14 1983 6  21 7 7 103 1 18
Пассажирский13 1983 7  20 5 29 106 0 20
Пассажирский15 1982 7  14 5 17 112 0 5
Пассажирский4 1984 6  13 4 2 115 0 16
Скорый14 1984 6  21 8 12 107 2 6
Пассажирский12 1984 6  12 9 45 123 2 1
Скорый37 1983 7  17 6 33 105 2 1
Пассажирский16 1982 7  12 5 13 122 1 14
Товарный27 1982 7  19 6 58 119 0 17
Товарный13 1982 6  10 5 51 117 1 11
Скорый33 1983 6  21 9 7 108 0 2
Товарный3 1984 7  14 8 44 110 1 6
Пассажирский15 1984 7  15 8 20 100 2 19
Пассажирский26 1983 7  16 9 2 116 2 16
Товарный7 1982 7  19 6 58 101 1 0
Товарный22 1984 7  20 9 7 116 1 2
Товарный25 1984 8  14 5 33 102 1 22
Пассажирский13 1982 8  13 9 32 109 1 21
Пассажирский24 1984 7  11 5 57 105 1 7
Пассажирский23 1984 7  10 5 5 121 0 7
Товарный28 1983 7  11 6 17 114 0 8
Скорый38 1983 6  13 5 11 119 1 10
Скорый1 1984 7  21 4 40 115 0 9
Товарный1 1983 8  10 5 59 104 2 6
Пассажирский16 1984 6  19 4 17 122 2 21
Пассажирский3 1983 8  11 6 21 110 1 2
Скорый5 1984 8  13 7 37 119 1 18
Скорый17 1984 7  13 6 16 122 0 22
Пассажирский24 1982 8  13 6 15 108 0 3
Пассажирский27 1982 6  14 4 5 104 1 20
Скорый15 1984 6  20 4 56 102 1 3
Пассажирский10 1983 7  16 7 46 108 0 16
Пассажирский3 1982 8  16 9 28 118 0 19
Скорый26 1983 6  18 9 21 106 1 4
Пассажирский9 1983 6  13 7 28 104 0 7
Пассажирский1 1982 8  12 7 0 99 0 17
Пассажирский28 1983 8  12 7 24 110 1 6
Пассажирский1 1983 8  20 8 30 118 2 3
Товарный24 1984 6  17 7 27 105 2 1
Скорый2 1983 7  15 9 22 106 1 19
Скорый26 1984 8  20 5 53 99 2 22
Скорый11 1982 8  21 9 39 123 0 2
Пассажирский38 1982 6  11 7 49 114 0 4
Скорый17 1982 8  20 6 45 108 2 4
Скорый8 1982 7  19 8 1 105 0 17
Пассажирский1 1984 6  11 4 54 102 1 19
Товарный38 1984 6  17 5 26 99 0 10
Товарный18 1984 7  11 5 40 105 1 22
Пассажирский13 1983 6  10 8 11 116 2 2
Скорый14 1984 6  14 9 33 112 2 17
Пассажирский27 1982 8  17 5 48 122 1 22
Скорый34 1984 7  15 6 15 107 2 21
Пассажирский21 1982 7  20 5 34 113 2 0
Товарный12 1983 6  16 9 18 105 0 19
Товарный10 1984 6  13 4 10 107 0 2
Пассажирский4 1982 8  18 9 8 121 0 21
Скорый14 1984 8  14 6 2 106 2 4
Пассажирский29 1983 8  10 9 44 100 2 13
Скорый27 1982 8  12 5 11 117 1 1
Скорый29 1983 8  12 9 1 112 2 9
Пассажирский5 1984 8  16 9 5 102 2 23
Скорый3 1984 7  13 9 0 104 0 7
Пассажирский28 1982 6  14 8 7 116 2 22
Пассажирский40 1984 7  20 9 7 99 1 13
Скорый39 1983 8  18 9 11 112 0 10
Скорый8 1984 6  17 7 17 117 1 12
Пассажирский38 1983 8  16 5 37 101 2 19
Товарный19 1982 6  14 7 47 103 0 5
Товарный40 1982 7  19 9 42 121 0 20
Товарный7 1984 7  14 7 12 117 1 19
Пассажирский13 1982 6  17 8 0 117 2 18
Скорый31 1983 6  15 9 47 122 1 19
Товарный7 1982 8  10 9 43 116 0 8
Товарный1 1983 7  10 5 20 114 2 1
Пассажирский37 1984 7  14 8 42 117 2 0
Пассажирский36 1984 8  21 7 33 111 1 5
Пассажирский23 1984 7  19 8 31 120 1 12
Пассажирский16 1983 8  12 4 11 100 0 6
Товарный32 1982 6  15 5 20 99 0 21
Скорый11 1984 8  16 6 25 105 2 5
Пассажирский40 1982 6  11 8 59 106 1 19
Товарный8 1984 8  21 8 23 118 1 4
Товарный9 1984 7  20 5 16 101 0 6
Скорый26 1982 8  14 9 10 101 2 15
Пассажирский4 1984 6  21 9 1 105 1 12
Товарный33 1984 7  17 8 10 113 0 11
Товарный4 1984 7  13 4 33 122 2 12
Товарный20 1983 8  19 6 21 102 0 23
Скорый18 1984 6  18 6 33 104 2 9
Пассажирский39 1982 8  10 5 43 105 1 0
Товарный35 1982 8  15 4 47 107 1 2
Товарный14 1984 6  14 8 30 109 2 16
Товарный39 1983 7  18 7 8 120 2 17
Скорый26 1983 8  10 9 59 114 1 9
Скорый11 1983 7  12 8 5 115 1 10
Товарный19 1984 8  14 4 45 122 1 14
Пассажирский40 1984 7  17 4 52 119 2 14
Товарный23 1983 7  19 6 45 108 2 18
Товарный12 1983 8  19 9 21 119 1 8
Товарный1 1982 8  10 5 30 106 0 21
Товарный18 1983 8  15 9 46 118 0 7
Скорый28 1984 6  10 8 34 102 2 3
Скорый37 1984 7  18 5 59 99 2 21
Пассажирский17 1984 6  14 7 29 123 0 7
Товарный18 1984 8  15 6 35 119 2 7
Товарный15 1984 7  14 7 45 101 1 8
Скорый14 1984 8  13 5 30 99 0 14
Пассажирский35 1984 6  19 7 26 108 1 2
Скорый36 1982 6  12 6 56 112 0 13
Скорый8 1982 6  12 6 28 120 1 7
Товарный4 1983 6  10 7 53 114 0 10
Пассажирский40 1982 8  15 9 38 118 1 23
Товарный32 1982 6  11 4 50 111 1 18
Товарный11 1982 6  14 9 45 101 1 14
Товарный8 1984 6  19 5 23 99 2 8
Пассажирский38 1983 6  11 7 21 106 0 21
Пассажирский25 1983 8  15 4 58 115 2 6
Скорый15 1984 7  13 7 39 117 2 19
Пассажирский17 1982 7  10 7 12 123 2 23
Скорый16 1983 6  15 5 19 116 1 20
Товарный13 1982 6  10 4 14 109 1 11
Товарный18 1983 7  13 8 34 119 2 2
Товарный29 1983 8  10 7 34 112 0 4
Товарный3 1983 7  14 4 31 111 1 2
Товарный8 1982 6  13 4 46 106 1 16
Пассажирский10 1982 8  13 6 26 106 2 2
Пассажирский28 1982 8  11 9 32 102 2 23
Скорый2 1984 8  15 8 34 115 2 9
Скорый8 1984 7  15 4 12 115 1 7
Пассажирский37 1982 7  12 4 25 104 0 16
Товарный5 1983 7  18 5 19 117 2 14
Пассажирский27 1984 8  16 8 5 105 1 23
Скорый2 1983 7  15 7 13 113 2 16
Пассажирский10 1984 6  17 4 8 123 2 2
Пассажирский31 1983 7  18 4 16 105 2 1
Товарный7 1984 8  19 9 38 118 2 13
Скорый27 1982 6  17 6 53 110 1 4
Товарный6 1983 6  19 8 26 108 2 21
Товарный17 1982 6  20 9 59 102 1 20
Скорый6 1983 6  16 6 28 109 1 9
Товарный32 1982 8  13 4 59 122 1 10
Пассажирский8 1983 7  10 9 49 107 0 8
Пассажирский26 1984 8  13 4 55 109 2 0
Товарный17 1984 7  13 9 48 120 2 5
Товарный40 1983 8  16 6 55 112 1 6
Товарный29 1982 7  21 7 52 120 2 23
Товарный3 1982 7  19 9 36 115 0 3
Скорый38 1984 6  10 6 24 109 0 13
Скорый28 1983 7  17 8 34 107 0 13
Пассажирский37 1983 8  10 9 3 114 2 10
Пассажирский7 1982 7  15 5 12 116 2 11
Скорый40 1984 8  17 4 44 106 0 4
Пассажирский6 1982 8  18 7 17 103 1 2
Скорый28 1982 8  10 7 22 107 2 19
Скорый10 1983 6  13 7 50 111 0 23
Скорый36 1984 7  12 5 48 101 1 7
Товарный39 1983 6  12 7 30 121 2 20
Пассажирский18 1982 6  10 7 42 111 0 3
Пассажирский39 1982 8  14 4 54 101 1 22
Пассажирский21 1982 7  18 5 12 102 2 17
Пассажирский30 1982 8  10 7 38 108 0 6
Пассажирский36 1982 6  18 8 29 111 1 13
Пассажирский24 1982 8  13 7 7 111 1 13
Товарный33 1984 7  21 9 32 100 0 5
Товарный32 1982 7  19 4 41 110 2 5
Товарный16 1984 7  14 8 23 108 1 1
Скорый19 1984 8  11 9 15 99 0 6
Скорый2 1984 8  14 5 24 115 2 23
Скорый11 1984 6  19 8 38 122 2 13
Товарный13 1982 8  19 8 0 104 0 18
Скорый15 1982 7  20 9 11 107 2 20
Пассажирский21 1982 6  11 9 9 120 2 20
Скорый18 1983 7  14 6 44 105 2 21
Товарный24 1982 7  15 7 59 113 0 17
Пассажирский19 1982 8  12 4 16 105 0 8
Пассажирский14 1983 7  21 4 10 114 1 21
Скорый21 1983 8  10 4 22 121 1 23
Скорый24 1983 6  19 4 26 107 2 16
Товарный23 1984 8  14 6 39 109 2 23
Пассажирский19 1982 6  12 6 36 114 0 9
Скорый6 1982 6  19 6 51 115 2 1
Товарный12 1982 8  18 6 24 111 1 8
Товарный1 1983 6  16 8 46 116 1 1
Товарный20 1982 8  10 5 2 106 2 16
Товарный20 1982 6  14 9 51 103 2 6
Товарный15 1984 8  13 7 29 104 0 3
Скорый25 1984 8  17 5 1 114 2 11
Скорый2 1984 8  16 5 10 104 2 8
Товарный20 1982 7  15 9 41 107 1 22
Скорый11 1982 6  13 4 53 111 1 10
Пассажирский21 1984 7  21 7 30 100 1 14
Товарный13 1982 6  11 6 42 102 2 3
Товарный11 1984 7  10 8 42 108 1 9
Пассажирский35 1984 8  11 9 22 110 1 9
Скорый22 1982 8  13 7 17 116 1 6
Пассажирский35 1983 7  12 5 48 104 2 23
Пассажирский29 1984 6  15 6 48 102 2 8
Товарный31 1983 6  21 6 58 123 0 14
Скорый33 1983 8  21 9 57 105 1 4
Пассажирский24 1984 6  20 7 50 110 2 5
Пассажирский17 1983 6  10 7 28 105 1 4
Скорый12 1984 6  10 4 22 119 0 22
Скорый23 1983 8  20 8 45 100 2 21
Товарный25 1983 6  17 7 35 107 2 2
Пассажирский11 1984 7  12 6 56 119 1 21
Скорый9 1982 6  17 5 37 114 0 8
Пассажирский14 1983 7  15 9 12 105 0 0
Товарный24 1983 8  15 8 12 106 2 17
Товарный8 1983 6  11 5 59 103 2 13
Пассажирский3 1982 6  15 4 41 115 0 0
Пассажирский21 1982 7  14 9 45 111 0 20
Скорый19 1983 8  20 6 32 107 0 8
Скорый30 1983 6  18 9 0 118 0 18
Пассажирский18 1982 6  13 4 37 108 1 13
Пассажирский36 1982 7  17 8 11 119 1 0
Товарный5 1983 8  21 7 5 110 0 14
Товарный34 1983 6  11 7 31 103 1 0
Скорый34 1983 8  10 8 1 108 1 11
Пассажирский26 1982 6  13 5 34 119 0 9
Скорый27 1984 7  10 8 20 108 1 4
Пассажирский23 1984 7  11 6 41 104 2 20
Товарный11 1984 8  11 6 29 105 0 2
Товарный21 1982 8  13 4 1 99 0 23
Товарный8 1982 6  18 6 49 122 2 1
Пассажирский38 1982 8  17 7 52 114 2 10
Товарный26 1982 7  18 5 47 120 2 12
Скорый38 1983 7  17 8 26 117 0 8
Товарный34 1982 8  17 5 0 104 1 3
Пассажирский32 1983 8  16 5 21 116 2 16
Скорый38 1982 7  10 8 21 108 0 11
Пассажирский9 1983 7  14 4 1 103 2 12
Товарный19 1983 8  20 9 13 119 2 21
Пассажирский5 1984 6  16 7 25 111 0 1
Скорый19 1984 6  18 7 0 107 0 1
Скорый17 1983 6  12 9 41 102 1 23
Пассажирский33 1984 8  16 6 9 102 0 20
Скорый33 1984 8  21 4 37 113 0 19
Пассажирский18 1982 6  10 9 51 106 2 23
Пассажирский27 1983 6  11 9 37 122 1 18
Товарный6 1984 8  19 5 19 112 0 17
Товарный34 1984 8  17 4 54 119 1 9
Пассажирский22 1982 8  21 6 12 118 2 15
Товарный22 1984 7  14 6 9 107 1 18
Товарный8 1984 8  18 9 44 123 0 18
Скорый4 1984 6  21 7 18 102 0 17
Скорый9 1982 7  13 6 50 107 1 9
Пассажирский26 1982 8  19 8 46 106 1 16
Пассажирский2 1982 8  10 6 23 118 2 17
Пассажирский29 1982 8  11 9 25 103 0 23
Скорый38 1982 8  18 6 5 99 0 18
Товарный29 1984 7  21 4 38 113 0 23
Пассажирский17 1984 8  19 7 58 107 2 19
Пассажирский1 1983 8  15 6 0 120 2 8
Товарный12 1982 8  15 6 54 106 2 8
Пассажирский39 1983 6  12 7 45 119 1 18
Скорый24 1982 8  15 9 35 100 1 18
Пассажирский38 1982 7  21 8 49 105 1 0
Пассажирский1 1982 6  15 8 52 109 1 7
Товарный16 1983 6  21 4 13 112 0 19
Пассажирский13 1983 8  16 5 12 111 2 3
Пассажирский1 1983 8  17 8 57 106 2 5
Товарный28 1982 8  17 6 12 120 2 15
Товарный20 1983 6  12 6 11 107 1 4
Товарный34 1984 8  14 4 28 119 2 1
Скорый32 1983 7  11 8 1 117 2 18
Пассажирский2 1983 6  17 5 50 99 1 12
Товарный38 1983 7  20 8 48 108 1 10
Товарный13 1983 6  18 6 55 122 0 0
Пассажирский14 1983 8  15 9 33 110 2 5
Скорый27 1984 6  13 9 5 122 2 21
Пассажирский2 1983 6  18 9 17 104 0 21
Скорый32 1982 6  14 4 50 100 1 19
Скорый26 1984 6  19 7 12 108 0 9
Пассажирский2 1984 8  13 9 12 107 1 5
Товарный1 1982 6  15 9 47 121 0 2
Товарный33 1982 8  14 9 48 110 0 7
Пассажирский8 1984 8  12 8 54 110 1 5
Пассажирский24 1982 7  20 6 7 102 0 13
Товарный9 1983 6  13 5 32 111 1 17
Скорый27 1982 7  21 5 42 108 1 6
Товарный15 1982 7  20 9 45 121 2 19
Товарный33 1984 6  12 8 54 121 1 16
Скорый27 1983 7  21 6 39 122 2 23
Скорый36 1983 7  14 5 56 115 2 21
Товарный17 1982 6  11 8 53 112 1 18
Пассажирский5 1983 8  21 4 10 121 1 21
Товарный27 1983 8  20 4 8 116 2 5
Скорый13 1984 8  15 9 54 110 1 14
Скорый38 1982 7  17 5 0 120 1 12
Скорый1 1984 8  11 6 14 122 2 9
Скорый12 1984 6  14 4 14 102 0 7
Скорый13 1984 7  17 5 8 114 1 14
Товарный25 1982 7  18 4 15 108 0 0
Скорый28 1982 8  19 4 59 108 2 3
Товарный9 1982 8  18 8 0 117 0 14
Пассажирский22 1982 8  10 4 43 119 1 8
Товарный9 1983 8  19 7 14 103 2 17
Скорый18 1983 6  10 4 21 114 2 6
Товарный29 1983 7  17 5 56 116 2 23
Пассажирский5 1984 7  10 6 17 116 1 0
Товарный9 1984 8  14 7 56 108 1 13
Товарный20 1983 6  15 7 28 109 1 2
Товарный36 1984 6  14 4 23 119 0 2
Скорый15 1983 6  11 8 1 112 0 17
Скорый17 1983 6  13 6 52 100 0 23
Скорый38 1983 6  20 9 39 108 2 3
Товарный7 1984 7  19 5 47 102 1 3
Скорый39 1984 6  13 5 0 112 2 0
Скорый27 1983 6  11 7 45 105 0 14
Товарный7 1983 6  21 8 37 114 1 8
Пассажирский12 1983 7  15 4 55 103 2 4
Пассажирский1 1984 7  14 7 25 104 2 6
Товарный22 1982 6  18 7 48 99 0 4
Товарный29 1984 6  16 5 51 113 2 13
Пассажирский19 1982 7  14 9 55 110 2 9
Скорый2 1982 8  15 4 3 107 1 18
Товарный7 1984 6  11 9 56 111 2 16
Скорый23 1982 6  14 6 51 106 1 10
Пассажирский10 1983 6  17 5 53 121 1 2
Скорый21 1983 6  17 9 25 121 0 5
Товарный35 1983 7  14 4 57 105 0 4
Товарный25 1982 8  16 4 16 107 1 2
Пассажирский10 1984 8  11 8 1 119 2 21
Товарный16 1984 6  17 8 1 105 2 4
Скорый6 1983 6  15 9 50 101 2 16
Пассажирский11 1982 8  19 8 23 116 2 5
Пассажирский32 1984 6  16 7 18 118 2 18
Скорый29 1983 6  13 6 18 120 1 10
Товарный16 1982 7  10 7 38 116 2 13
Скорый2 1983 7  10 5 19 107 0 7
Товарный30 1982 8  10 7 47 102 2 13
Пассажирский26 1984 7  21 9 28 100 2 11
Скорый34 1982 6  12 7 20 115 2 10
Товарный14 1983 7  18 5 47 117 2 6
Товарный23 1983 7  11 4 55 116 1 15
Скорый25 1983 7  18 6 28 111 0 2
Товарный37 1983 6  11 9 58 117 0 11
Скорый10 1984 6  17 6 15 121 1 16
Скорый6 1982 7  12 9 13 116 0 13
Товарный1 1983 7  10 7 5 123 2 12
Скорый12 1984 7  14 8 14 113 0 5
Скорый7 1983 6  12 6 15 100 1 2
Товарный40 1983 6  21 5 57 115 1 8
Скорый26 1984 7  18 4 16 107 2 10
Пассажирский13 1983 8  11 5 0 121 1 3
Скорый25 1984 7  19 9 51 113 0 2
Скорый13 1982 8  11 8 53 115 2 11
Скорый29 1983 6  11 5 53 115 2 19
Пассажирский11 1983 6  20 9 34 123 2 20
Пассажирский8 1984 6  16 4 0 119 1 14
Товарный11 1984 7  13 8 17 123 2 8
Скорый18 1984 7  17 8 16 108 2 0
Скорый23 1982 8  10 9 16 123 1 2
Пассажирский25 1984 6  16 9 26 116 2 11
Пассажирский11 1983 8  12 6 11 105 0 12
Товарный24 1983 8  11 6 50 122 2 22
Товарный10 1982 6  13 6 25 109 1 5
Скорый11 1984 7  10 4 51 105 2 15
Скорый2 1983 8  19 5 55 112 0 14
Товарный1 1982 7  13 8 13 107 1 23
Скорый29 1984 8  14 8 12 112 2 6
Скорый34 1984 7  15 9 23 107 2 15
Скорый33 1983 7  19 6 28 112 1 4
Товарный27 1983 6  21 7 43 113 1 10
Пассажирский34 1983 6  11 8 51 112 0 5
Скорый31 1983 7  20 5 38 100 2 10
Скорый37 1983 7  15 4 42 101 0 14
Товарный24 1982 7  19 8 19 117 0 22
Скорый8 1983 6  14 8 31 113 0 19
Скорый14 1984 7  16 9 59 112 2 4
Пассажирский8 1983 6  21 5 14 121 1 9
Пассажирский23 1982 7  17 9 26 121 0 11
Пассажирский3 1982 7  14 6 26 113 0 0
Скорый7 1982 8  17 6 17 116 2 12
Пассажирский39 1984 6  20 4 57 117 0 21
Скорый8 1982 7  12 6 56 113 0 17
Пассажирский25 1982 6  13 9 39 120 0 23
Скорый13 1982 8  15 7 13 115 0 14
Пассажирский17 1983 8  16 8 57 106 0 7
Скорый36 1983 6  20 9 17 113 0 15
Пассажирский6 1982 7  21 4 58 107 2 5
Пассажирский34 1984 7  13 4 17 115 1 2
Пассажирский38 1983 7  18 8 54 111 2 8
Товарный3 1984 8  20 6 8 116 0 6
Товарный33 1984 8  11 9 22 104 0 5
Скорый1 1984 7  11 7 8 121 1 19
Скорый14 1982 7  17 8 15 101 2 20
Скорый20 1982 8  20 4 39 101 1 19
Товарный21 1984 6  19 6 49 123 2 15
Товарный11 1982 7  10 7 3 114 0 8
Скорый22 1983 7  13 4 27 110 0 12
Скорый33 1984 6  21 4 33 106 1 16
Пассажирский40 1983 8  18 8 36 100 1 5
Пассажирский27 1983 6  11 8 18 120 0 23
Товарный23 1983 7  12 5 40 108 0 4
Товарный32 1982 6  12 4 14 115 0 3
Товарный8 1983 8  18 4 20 115 2 12
Товарный17 1984 6  16 6 57 100 2 13
Скорый6 1984 6  16 8 43 121 1 22
Товарный3 1982 6  11 8 11 106 0 14
Товарный17 1983 7  21 5 34 109 0 17
Скорый3 1983 7  17 9 4 101 1 7
Товарный12 1983 8  10 7 53 117 0 5
Товарный17 1983 6  11 9 31 112 1 21
Скорый16 1984 7  10 8 27 100 1 17
Товарный15 1984 7  17 6 31 102 2 21
Скорый15 1982 8  19 6 11 111 2 19
Пассажирский19 1982 8  12 8 8 121 1 4
Товарный20 1984 7  11 4 57 99 2 8
Товарный10 1983 6  14 5 6 102 0 17
Пассажирский24 1984 8  10 5 12 122 2 20
Скорый23 1982 7  20 8 56 109 1 22
Товарный23 1983 8  14 5 48 102 0 11
Товарный12 1983 8  17 4 46 119 0 12
Пассажирский28 1984 7  19 8 10 102 0 17
Товарный24 1984 7  13 8 8 101 2 23
Товарный17 1983 8  16 4 50 120 1 6
Пассажирский2 1982 7  19 5 58 107 0 2
Скорый19 1982 8  14 6 5 123 1 21
Товарный36 1982 7  18 9 12 112 0 11
Пассажирский5 1983 8  17 8 20 118 1 15
Товарный3 1983 7  17 4 36 121 0 17
Скорый36 1982 8  16 7 40 112 2 11
Товарный29 1983 7  18 8 33 110 2 4
Товарный2 1982 6  10 8 42 99 0 0
Скорый11 1984 8  17 6 49 109 2 13
Пассажирский38 1982 8  17 9 14 120 1 6
Пассажирский33 1984 8  13 5 18 118 2 0
Товарный28 1982 6  21 7 51 115 1 17
Пассажирский28 1984 7  15 4 45 104 0 15
Товарный24 1982 8  21 8 2 115 2 15
Товарный35 1983 6  13 7 27 113 0 1
Товарный32 1983 7  16 9 7 103 2 4
Товарный39 1983 7  13 6 12 118 1 2
Товарный27 1984 8  16 6 19 113 1 19
Пассажирский31 1984 8  10 5 53 104 2 19
Пассажирский12 1982 6  19 7 39 118 0 23
Скорый15 1984 7  19 7 14 115 2 5
Скорый26 1983 7  10 7 52 116 2 11
Товарный9 1983 8  18 9 16 109 1 1
Скорый28 1982 8  17 4 8 106 2 6
Скорый7 1982 8  15 5 48 117 2 20
Пассажирский1 1984 8  19 6 17 115 1 10
Пассажирский15 1984 6  14 6 47 102 2 9
Пассажирский38 1983 8  19 9 24 100 1 23
Скорый15 1984 7  14 6 52 108 1 22
Товарный11 1983 8  12 4 32 123 1 3
Товарный2 1982 8  20 4 48 111 0 3
Товарный15 1983 6  18 7 12 116 0 4
Скорый11 1984 8  18 7 5 101 1 16
Скорый11 1983 6  16 4 58 121 2 8
Товарный25 1983 8  19 7 50 110 0 6
Пассажирский4 1982 6  11 7 57 105 0 4
Скорый35 1983 8  10 5 53 103 1 8
Товарный28 1984 8  12 7 20 112 0 11
Пассажирский6 1982 6  21 4 17 105 0 3
Скорый10 1984 7  10 5 19 109 2 9
Скорый12 1982 6  17 5 29 108 2 11
Пассажирский32 1982 6  11 6 58 103 0 9
Пассажирский39 1982 8  16 7 13 102 1 16
Скорый22 1982 8  12 9 0 109 1 19
Товарный38 1982 8  11 9 33 105 1 1
Пассажирский5 1984 6  19 4 31 100 2 18
Скорый30 1984 7  13 7 11 112 1 7
Скорый6 1983 6  16 4 14 117 1 4
Пассажирский5 1983 6  11 6 21 106 1 20
Пассажирский35 1984 8  18 9 42 117 0 11
Товарный10 1983 6  20 5 7 111 2 12
Пассажирский21 1984 7  19 4 53 111 1 19
Товарный8 1982 8  15 9 29 119 1 12
Скорый8 1983 7  13 8 7 122 1 20
Скорый12 1983 8  11 5 4 100 0 2
Товарный28 1984 7  20 6 34 111 0 10
Пассажирский20 1983 6  15 8 22 106 0 13
Скорый20 1982 7  17 9 16 123 0 18
Пассажирский18 1984 7  19 6 27 115 2 23
Товарный11 1982 6  17 4 3 107 2 7
Скорый25 1983 8  10 5 54 112 0 15
Товарный13 1982 7  21 8 25 106 0 6
Товарный24 1984 7  13 8 24 117 2 19
Товарный20 1982 6  15 5 5 109 1 6
Скорый28 1982 6  15 9 12 101 0 21
Товарный4 1983 8  18 9 44 104 1 4
Пассажирский26 1984 6  14 8 16 121 1 5
Товарный17 1984 6  10 4 12 112 0 6
Скорый36 1983 7  17 7 30 107 2 15
Скорый30 1984 7  11 4 58 104 2 13
Пассажирский19 1982 7  19 6 53 115 2 22
Пассажирский33 1984 7  11 9 10 114 1 15
Товарный6 1984 8  20 6 1 107 0 1
Товарный37 1984 8  21 6 52 114 0 13
Пассажирский33 1983 8  14 8 9 103 0 20
Пассажирский6 1982 6  20 7 0 115 1 19
Пассажирский33 1984 7  10 8 13 106 0 1
Скорый4 1984 8  20 6 14 111 1 14
Скорый30 1984 6  19 5 4 108 0 8
Товарный34 1984 8  16 8 56 111 2 10
Пассажирский34 1984 7  15 8 22 107 0 5
Скорый22 1982 6  20 6 56 119 2 3
Пассажирский25 1984 7  20 4 37 103 1 8
Пассажирский30 1984 7  20 6 29 115 1 20
Пассажирский25 1984 6  17 9 16 113 1 2
Товарный7 1984 8  17 6 16 110 2 6
Скорый3 1983 6  10 6 13 105 1 6
Товарный25 1982 6  15 4 22 104 1 3
Скорый1 1984 7  21 7 12 99 2 6
Пассажирский18 1983 8  15 6 49 108 1 19
Пассажирский34 1983 8  14 6 35 100 0 0
Пассажирский39 1984 7  10 5 12 103 2 13
Скорый36 1982 8  20 6 8 114 0 23
Товарный33 1984 8  11 7 23 101 0 10
Скорый10 1982 7  16 7 29 100 1 22
Пассажирский15 1984 6  21 6 51 115 2 23
Товарный22 1984 8  18 9 35 108 0 2
Скорый24 1983 7  12 9 49 120 2 1
Скорый15 1983 8  19 9 42 118 1 23
Пассажирский4 1982 8  13 7 49 101 0 21
Скорый13 1983 7  11 4 7 122 1 13
Пассажирский11 1982 6  19 8 34 99 2 0
Пассажирский20 1984 8  15 7 26 116 1 4
Пассажирский37 1982 8  20 6 3 116 0 19
Пассажирский39 1984 6  13 8 14 101 1 13
Товарный35 1983 8  12 4 44 113 2 19
Товарный39 1984 6  10 8 33 113 2 10
Пассажирский37 1984 7  20 8 34 110 0 15
Скорый36 1983 7  11 6 49 102 1 9
Товарный37 1983 6  10 4 4 117 2 3
Пассажирский26 1982 8  16 6 24 105 0 20
Пассажирский20 1984 7  12 4 15 119 2 5
Пассажирский39 1983 8  13 9 28 105 1 13
Скорый3 1983 8  10 5 12 101 1 5
Скорый4 1984 7  11 6 51 107 2 16
Скорый28 1983 8  17 6 44 108 0 2
Пассажирский26 1984 8  14 8 39 119 2 8
Пассажирский9 1983 8  13 5 27 102 2 17
Пассажирский22 1982 6  11 9 17 102 2 14
Товарный5 1982 6  10 8 9 113 1 17
Товарный39 1984 7  21 7 14 110 1 14
Товарный25 1984 7  14 4 1 117 2 5
Скорый7 1983 6  11 4 12 111 2 4
Пассажирский25 1984 6  20 4 23 106 2 1
Пассажирский7 1982 8  12 7 47 100 1 23
Товарный16 1982 8  13 4 0 103 2 0
Скорый40 1984 6  10 8 2 123 2 12
Пассажирский40 1984 6  11 4 16 110 0 4
Скорый15 1984 7  16 5 51 121 1 6
Товарный31 1983 7  11 9 48 120 0 7
Скорый40 1984 8  15 7 0 108 1 20
Скорый5 1982 8  16 7 21 108 0 9
Товарный38 1983 7  11 8 13 122 0 19
Скорый10 1982 7  15 6 40 104 0 20
Товарный1 1983 8  18 9 11 112 1 21
Пассажирский32 1984 7  21 7 43 113 2 12
Пассажирский1 1983 6  12 4 42 106 2 9
Товарный28 1983 8  10 7 19 108 2 1
Товарный33 1983 7  12 8 26 115 0 20
Пассажирский18 1982 8  20 4 46 106 2 1
Скорый23 1982 6  19 9 50 102 2 1
Пассажирский1 1983 6  20 9 12 118 1 1
Товарный11 1984 6  11 6 29 120 1 20
Товарный28 1982 7  12 5 13 110 2 21
Пассажирский5 1984 6  18 9 29 107 0 13
Товарный26 1982 7  17 5 38 115 0 8
Пассажирский11 1982 8  19 9 30 103 2 10
Пассажирский17 1984 6  18 4 33 111 2 13
Скорый3 1983 6  21 8 39 119 1 13
Скорый21 1983 6  13 9 53 123 2 14
Товарный22 1982 8  19 5 50 107 2 16
Пассажирский30 1982 6  17 5 53 104 1 4
Пассажирский5 1983 7  11 5 45 109 0 6
Товарный11 1983 8  20 8 15 117 1 16
Товарный15 1982 7  10 8 48 109 1 11
Товарный1 1984 6  19 5 56 121 0 17
Пассажирский35 1983 6  11 8 30 116 1 22
Пассажирский1 1982 7  11 5 27 111 1 15
Пассажирский11 1982 7  14 5 7 109 1 13
Пассажирский16 1984 8  21 4 35 122 2 23
Пассажирский25 1982 8  19 7 15 117 2 1
Скорый15 1984 8  17 7 30 104 0 7
Товарный38 1982 7  16 8 15 115 0 4
Пассажирский21 1982 6  11 4 31 119 2 3
Товарный8 1984 8  21 8 34 119 0 7
Товарный3 1983 7  19 9 9 99 2 17
Товарный19 1982 8  18 6 12 110 1 9
Скорый25 1982 6  18 7 56 116 0 18
Пассажирский27 1984 6  13 4 15 123 2 4
Пассажирский7 1982 7  21 9 32 122 2 9
Пассажирский24 1984 7  12 9 15 117 1 1
Скорый30 1982 8  20 4 21 99 0 16
Товарный19 1982 8  12 6 19 100 2 23
Товарный15 1984 6  18 7 22 117 2 1
Пассажирский15 1984 6  12 9 55 123 0 7
Пассажирский11 1982 6  20 5 2 107 2 18
Скорый3 1984 6  21 4 7 116 1 20
Скорый28 1982 8  20 5 27 119 1 4
Скорый39 1984 8  10 4 52 101 0 16
Пассажирский19 1982 8  20 8 12 108 1 5
Товарный29 1983 8  14 7 27 113 2 9
Пассажирский20 1984 7  17 8 57 101 1 20
Скорый17 1984 8  12 8 44 114 1 6
Скорый39 1984 7  12 6 4 104 2 21
Товарный3 1982 8  19 8 4 116 2 4
Товарный7 1982 6  15 9 51 106 1 5
Скорый20 1984 6  15 6 9 114 1 14
Товарный40 1983 6  21 7 16 106 1 7
Товарный39 1984 7  11 4 13 103 1 20
Товарный36 1984 6  10 6 33 121 2 23
Товарный33 1983 7  16 8 20 104 2 2
Скорый37 1982 7  16 9 41 114 2 23
Товарный27 1982 6  21 6 15 104 2 20
Товарный26 1984 8  16 7 13 111 2 0
Пассажирский8 1982 8  16 8 26 108 0 16
Скорый19 1983 6  15 6 59 119 1 2
Товарный9 1982 7  21 5 24 99 0 19
Скорый15 1984 8  12 5 32 117 0 23
Скорый17 1982 6  17 9 29 113 2 8
Товарный24 1983 8  12 8 28 110 1 21
Товарный13 1983 7  17 4 20 99 0 22
Скорый4 1984 8  16 4 15 116 2 18
Товарный11 1983 6  19 7 8 109 2 10
Пассажирский23 1982 8  13 7 14 107 2 21
Пассажирский30 1984 8  12 9 0 106 2 13
Пассажирский31 1983 8  13 6 39 109 1 10
Скорый32 1983 8  15 5 48 102 2 14
Товарный24 1983 8  21 6 24 113 0 20
Скорый17 1983 6  10 9 37 113 2 18
Скорый40 1982 8  15 5 30 121 2 10
Пассажирский15 1983 8  19 4 39 114 0 2
Скорый20 1983 8  13 7 53 110 2 11
Пассажирский30 1983 7  17 7 3 103 0 21
Скорый20 1983 7  14 9 35 104 0 11
Пассажирский9 1982 6  20 6 21 99 0 15
Скорый5 1983 8  12 8 49 110 1 2
Скорый17 1983 7  10 7 11 111 1 18
Товарный30 1983 8  11 5 21 114 0 2
Скорый21 1984 6  15 4 18 120 2 4
Товарный28 1982 7  12 5 50 119 1 10
Скорый10 1983 6  18 4 28 115 2 9
Товарный9 1983 6  16 6 28 114 2 1
Товарный4 1983 7  17 8 38 114 0 10
Скорый1 1984 6  11 7 48 101 1 12
Пассажирский30 1984 8  14 8 23 107 0 5
Пассажирский7 1983 8  20 5 55 101 1 10
Пассажирский22 1983 7  19 6 29 123 2 14
Скорый31 1984 6  19 6 21 120 0 23
Скорый3 1984 8  11 9 31 108 2 6
Товарный37 1982 7  13 5 41 112 1 23
Пассажирский35 1983 8  10 5 23 105 2 11
Товарный38 1982 8  18 8 23 100 1 13
Пассажирский16 1983 6  15 5 45 123 1 16
Пассажирский4 1983 8  15 6 25 110 2 5
Скорый10 1984 7  20 6 17 123 1 21
Скорый39 1984 6  10 9 25 107 0 6
Скорый18 1983 7  14 8 41 108 0 2
Скорый1 1983 6  16 7 54 109 2 20
Скорый29 1982 7  13 5 38 122 0 7
Пассажирский11 1982 7  18 5 41 109 0 20
Скорый8 1983 6  17 7 48 107 0 23
Пассажирский38 1983 6  14 7 59 117 2 0
Пассажирский11 1984 7  11 7 11 119 1 6
Товарный20 1983 7  11 4 45 112 2 14
Товарный33 1983 7  11 5 39 108 1 0
Товарный39 1983 8  11 5 19 116 1 11
Скорый21 1982 8  18 8 27 112 0 11
Скорый18 1982 6  20 9 37 111 2 22
Скорый16 1983 8  11 4 27 109 1 23
Пассажирский38 1982 7  10 4 58 117 1 10
Скорый10 1982 8  17 9 35 110 0 5
Скорый7 1983 8  19 7 2 107 0 10
Пассажирский7 1983 7  19 8 35 112 0 14
Товарный16 1983 6  19 8 54 117 1 3
Пассажирский36 1984 8  15 6 8 113 2 13
Пассажирский36 1984 7  18 8 34 111 1 14
Товарный32 1984 7  16 4 7 101 1 6
Пассажирский6 1982 8  19 5 47 114 0 13
Товарный32 1984 6  15 8 32 106 1 16
Товарный34 1984 8  19 7 26 101 1 8
Скорый30 1982 8  16 8 29 110 1 17
Товарный13 1982 7  18 5 17 116 0 0
Пассажирский9 1982 7  21 4 53 119 2 9
Пассажирский33 1982 7  16 8 7 109 1 19
Скорый2 1982 8  19 5 23 104 1 1
Товарный6 1984 6  15 8 37 116 2 17
Пассажирский21 1984 7  11 7 6 118 1 20
Скорый21 1984 6  11 6 50 111 1 5
Скорый31 1984 7  10 7 15 114 1 6
Товарный30 1984 6  11 7 19 113 1 23
Товарный31 1984 6  17 8 48 104 2 4
Товарный28 1982 6  19 5 36 119 0 9
Скорый23 1983 7  11 6 38 99 1 20
Скорый14 1982 7  18 4 2 120 0 16
Скорый4 1982 8  12 4 58 121 0 6
Товарный17 1982 6  10 7 50 119 2 6
Товарный27 1983 8  15 8 0 99 1 2
Пассажирский12 1983 6  20 8 14 106 0 21
Пассажирский6 1983 6  15 7 41 105 0 19
Пассажирский37 1982 8  21 9 34 105 0 14
Пассажирский7 1984 6  18 6 58 103 1 20
Скорый25 1984 6  18 8 5 104 0 18
Скорый20 1982 8  13 5 13 106 2 2
Товарный32 1984 6  14 9 4 102 2 8
Пассажирский27 1984 7  19 8 43 115 0 10
Товарный26 1982 7  10 8 18 121 0 15
Товарный15 1982 7  12 5 22 102 1 19
Пассажирский36 1984 7  17 8 30 108 1 6
Товарный27 1982 7  13 4 44 103 0 15
Пассажирский15 1984 6  19 7 46 111 2 18
Товарный22 1984 7  10 7 32 117 1 14
Товарный3 1983 8  15 9 41 105 1 15
Товарный24 1982 7  11 9 44 121 0 10
Пассажирский39 1984 7  15 7 2 117 1 2
Пассажирский36 1983 7  15 5 3 101 0 10
Товарный27 1982 6  18 9 30 116 2 6
Пассажирский21 1983 7  13 5 37 100 1 9
Пассажирский10 1984 6  15 9 46 106 1 21
Пассажирский13 1982 8  20 7 40 116 0 14
Товарный33 1984 6  13 7 21 116 0 9
Скорый11 1984 6  21 6 20 120 1 9
Пассажирский13 1983 7  18 6 38 106 0 4
Товарный29 1983 6  15 7 38 122 1 12
Товарный36 1982 7  21 8 29 101 0 4
Пассажирский22 1983 8  19 4 5 121 1 7
Товарный1 1982 6  10 9 43 103 2 2
Товарный8 1983 8  12 9 38 105 0 17
Пассажирский21 1983 8  12 6 26 114 2 3
Пассажирский21 1983 8  21 8 33 108 2 19
Товарный20 1984 8  18 9 34 102 0 0
Скорый27 1982 8  21 5 31 115 2 6
Товарный30 1982 8  21 6 2 119 0 19
Товарный30 1983 8  11 9 58 107 0 16
Товарный38 1983 7  18 6 54 120 2 19
Товарный9 1983 8  16 9 31 107 1 2
Пассажирский24 1982 8  14 8 45 113 2 10
Пассажирский24 1982 8  13 7 19 122 1 5
Пассажирский6 1982 8  18 6 57 112 1 4
Скорый31 1983 7  20 4 20 99 2 5
Скорый19 1982 7  13 8 13 105 1 3
Пассажирский23 1984 6  12 4 57 121 2 22
Товарный3 1983 7  19 8 11 112 1 8
Скорый33 1984 7  19 4 36 119 0 22
Товарный2 1983 8  20 5 2 117 2 11
Пассажирский19 1984 7  21 5 51 113 1 3
Пассажирский35 1982 7  12 4 38 106 2 22
Скорый3 1984 6  11 7 18 100 2 15
Пассажирский20 1982 7  17 5 31 100 0 6
Товарный9 1982 6  17 8 19 107 1 0
Скорый24 1982 7  15 8 55 101 1 12
Товарный33 1982 7  12 4 30 111 1 20
Пассажирский36 1983 7  18 4 55 119 0 11
Скорый8 1984 7  10 9 59 111 1 4
Товарный6 1984 6  18 5 3 112 1 1
Товарный22 1984 7  15 6 33 113 1 23
Пассажирский1 1983 8  18 5 13 105 0 11
Пассажирский29 1984 6  13 8 0 100 1 11
Товарный30 1982 8  14 8 11 114 1 20
Скорый25 1982 7  18 6 42 109 2 23
Пассажирский39 1984 7  19 4 45 119 0 22
Скорый32 1982 8  18 8 2 116 2 12
Пассажирский13 1984 8  15 7 25 103 1 4
Товарный36 1983 8  18 8 46 114 0 20
Товарный13 1982 7  14 5 16 118 0 22
Пассажирский37 1983 8  19 7 34 115 2 18
Товарный6 1982 7  18 9 57 109 0 6
Пассажирский19 1984 8  16 5 25 115 1 13
Товарный37 1983 8  18 5 8 119 0 2
Скорый28 1983 6  21 5 47 123 2 7
Товарный4 1984 8  18 9 25 100 0 11
Пассажирский3 1984 6  13 4 7 106 1 2
Пассажирский40 1984 8  17 7 13 107 0 21
Пассажирский2 1983 8  17 8 54 116 0 13
Скорый25 1983 8  19 8 49 104 1 23
Товарный8 1982 8  10 4 24 123 2 18
Товарный15 1982 6  13 4 50 110 1 4
Товарный38 1984 8  16 4 30 118 1 20
Товарный2 1982 7  18 7 56 104 0 19
Товарный30 1982 8  21 8 24 108 2 6
Скорый18 1982 7  20 4 50 109 1 20
Товарный28 1982 7  12 4 17 110 1 7
Товарный32 1983 6  19 7 49 111 0 19
Товарный1 1984 7  21 7 32 99 0 4
Скорый13 1984 8  20 9 15 112 2 17
Скорый21 1983 8  21 5 57 104 0 14
Скорый33 1984 6  18 9 19 104 1 1
Товарный37 1982 8  14 7 59 99 1 14
Товарный37 1984 8  20 4 51 119 0 0
Пассажирский37 1982 8  21 7 20 120 1 21
Товарный37 1984 7  18 9 21 114 0 8
Пассажирский14 1983 7  11 6 30 110 0 0
Пассажирский16 1983 7  10 9 45 101 1 6
Скорый3 1983 7  20 5 48 113 1 11
Скорый1 1983 7  17 4 19 114 0 2
Пассажирский25 1984 8  18 5 53 106 1 13
Скорый3 1983 7  11 9 36 105 0 22
Товарный5 1982 7  17 7 7 110 1 21
Скорый39 1982 8  18 7 35 104 0 10
Скорый2 1984 8  19 9 47 109 2 19
Пассажирский17 1983 6  14 6 45 120 0 16
Пассажирский26 1982 6  15 7 12 118 2 1
Товарный36 1982 7  18 7 16 106 2 3
Товарный19 1984 6  13 8 18 115 2 10
Скорый19 1983 7  17 8 0 118 2 12
Пассажирский14 1983 6  21 4 4 102 1 11
Пассажирский17 1983 6  16 8 19 102 2 15
Пассажирский28 1984 6  20 8 20 99 1 9
Пассажирский18 1983 7  14 5 51 116 2 19
Пассажирский33 1984 8  18 4 18 110 0 19
Скорый27 1982 7  16 6 29 117 2 17
Товарный5 1983 8  17 6 47 112 1 9
Скорый31 1984 7  11 9 19 104 2 14
Скорый32 1982 6  13 9 52 115 2 20
Пассажирский35 1984 7  11 6 14 117 2 20
Пассажирский13 1984 8  14 4 19 114 1 0
Товарный28 1982 6  15 4 33 118 0 13
Пассажирский18 1982 8  18 8 59 104 2 15
Скорый30 1983 6  14 4 37 121 1 1
Скорый39 1983 6  11 5 14 104 0 23
Пассажирский40 1984 6  10 7 23 105 2 10
Пассажирский29 1983 8  20 9 3 111 2 7
Пассажирский14 1982 7  19 7 38 115 2 5
Товарный16 1982 8  21 6 43 113 2 5
Товарный22 1982 7  21 4 48 123 2 19
Товарный23 1982 6  13 9 41 106 1 10
Пассажирский39 1984 6  19 8 10 101 1 8
Пассажирский18 1984 7  19 5 40 107 1 2
Скорый23 1983 8  20 8 19 121 0 20
Скорый13 1984 6  13 6 36 102 0 22
Скорый27 1984 7  11 6 3 104 0 8
Пассажирский36 1984 8  16 7 18 106 0 12
Пассажирский27 1983 7  10 7 4 108 1 10
Скорый7 1984 7  15 8 4 118 2 9
Товарный31 1984 7  10 7 57 110 1 12
Скорый40 1982 7  15 4 57 120 1 14
Скорый20 1984 7  13 9 5 112 2 17
Товарный10 1984 8  15 4 6 121 2 8
Скорый4 1983 7  20 6 2 121 1 1
Пассажирский35 1982 7  16 5 13 102 0 19
Товарный4 1984 6  19 5 51 100 2 23
Скорый12 1983 8  18 6 38 101 1 18
Пассажирский6 1984 7  14 9 16 119 1 16
Товарный33 1982 6  20 7 22 105 0 7
Товарный34 1982 8  18 8 31 120 1 14
Скорый12 1983 8  21 4 7 119 0 18
Товарный8 1983 8  20 4 57 119 1 6
Пассажирский30 1983 7  20 5 53 121 0 23
Скорый1 1982 8  21 5 26 102 2 22
Скорый24 1984 6  10 4 54 104 2 8
Скорый22 1984 7  18 6 41 109 2 2
Скорый14 1982 6  14 6 46 123 1 21
Пассажирский8 1982 7  17 9 53 103 1 9
Пассажирский37 1983 6  17 8 7 102 2 23
Скорый18 1982 7  12 5 48 104 1 3
Пассажирский30 1982 8  18 7 39 104 1 5
Товарный11 1982 7  17 6 53 103 2 22
Пассажирский18 1983 6  16 8 47 102 2 17
Товарный24 1983 6  14 8 16 118 1 16
Пассажирский8 1983 6  15 6 43 104 2 2
Скорый9 1984 6  10 5 36 111 2 14
Товарный21 1984 8  20 8 21 114 2 23
Скорый9 1983 7  16 7 41 107 2 22
Скорый35 1984 7  12 7 33 115 0 1
Пассажирский28 1983 8  15 5 22 121 0 2
Скорый37 1982 6  14 8 29 100 0 18
Пассажирский28 1982 7  18 4 53 109 0 14
Пассажирский25 1983 8  19 7 56 121 0 20
Пассажирский20 1984 8  10 8 5 108 0 19
Скорый30 1982 8  15 9 20 99 1 21
Скорый32 1984 6  13 8 44 121 1 12
Пассажирский31 1984 6  10 8 2 108 2 17
Товарный12 1984 7  13 9 22 104 1 0
Товарный16 1984 7  12 5 6 109 0 15
Пассажирский4 1984 7  17 7 40 116 2 0
Пассажирский40 1982 6  20 8 26 118 2 1
Товарный27 1984 6  18 8 33 113 1 20
Скорый40 1984 7  14 7 30 100 0 22
Товарный7 1984 7  17 7 6 110 0 9
Скорый19 1984 7  17 5 40 121 0 18
Товарный36 1984 8  20 6 5 113 2 21
Пассажирский14 1982 6  12 8 41 107 0 7
Пассажирский24 1984 7  11 5 44 120 2 13
Товарный33 1982 8  15 9 49 112 2 5
Пассажирский23 1984 7  16 9 29 99 1 6
Товарный37 1984 7  12 9 31 117 0 0
Товарный16 1982 7  17 5 9 121 1 19
Скорый16 1983 8  18 7 0 100 0 0
Скорый14 1982 6  16 5 20 113 1 13
Пассажирский22 1983 6  18 7 21 121 0 6
Скорый2 1982 8  16 8 4 121 2 1
Товарный18 1984 6  17 6 27 104 0 5
Скорый25 1982 7  16 9 51 122 1 6
Пассажирский37 1983 7  12 4 30 115 0 7
Скорый34 1984 7  17 7 53 117 1 22
Скорый38 1984 8  10 9 28 109 0 1
Скорый27 1983 6  20 9 14 100 0 23
Товарный3 1982 7  15 7 7 108 0 1
Пассажирский3 1982 6  19 6 31 120 1 1
Скорый30 1982 6  14 9 56 113 0 14
Скорый26 1984 7  15 6 31 104 1 2
Скорый34 1982 8  21 7 10 104 0 0
Пассажирский15 1982 8  19 8 4 100 1 0
Товарный39 1982 8  14 7 43 122 0 18
Скорый2 1983 8  19 7 14 122 0 6
Пассажирский20 1982 8  17 9 22 122 1 5
Скорый4 1982 6  12 9 36 120 1 2
Пассажирский13 1982 6  15 6 2 106 1 6
Пассажирский35 1983 6  10 6 57 103 1 6
Товарный37 1983 8  10 9 49 104 1 9
Скорый1 1982 7  11 8 14 114 2 5
Товарный28 1983 8  15 7 43 103 0 23
Товарный30 1982 8  19 6 14 117 0 0
Пассажирский12 1983 6  20 7 53 122 2 6
Пассажирский21 1982 8  15 8 37 112 2 1
Скорый24 1983 8  15 7 53 118 1 8
Пассажирский4 1982 8  15 9 8 100 0 0
Пассажирский29 1983 7  17 7 12 104 1 23
Товарный24 1982 6  10 7 44 116 2 19
Товарный30 1982 6  19 6 14 110 0 22
Товарный16 1982 6  16 5 10 103 1 2
Товарный2 1983 6  21 8 20 107 1 11
Скорый31 1982 6  11 6 27 101 2 12
Скорый8 1983 7  13 6 50 102 0 11
Товарный40 1984 6  14 4 24 107 0 3
Товарный22 1982 6  15 4 23 110 0 22
Пассажирский13 1984 7  14 4 0 120 0 7
Скорый37 1982 7  10 4 47 103 2 4
Пассажирский31 1982 6  21 5 56 109 1 1
Скорый1 1984 8  18 6 0 103 0 23
Скорый21 1984 6  16 7 22 114 2 6
Товарный7 1984 7  10 6 4 102 1 3
Скорый6 1982 8  16 5 50 105 2 14
Товарный15 1983 6  17 5 56 117 0 19
Пассажирский25 1984 6  12 6 30 109 1 5
Товарный11 1984 7  12 4 32 112 2 22
Товарный23 1982 7  13 8 53 101 1 10
Скорый16 1983 8  16 4 3 114 1 9
Скорый30 1983 7  11 9 49 106 1 5
Товарный13 1982 7  13 7 9 119 2 22
Пассажирский40 1984 6  10 8 28 116 2 6
Товарный25 1983 7  20 7 40 119 0 20
Пассажирский5 1983 8  12 6 27 112 0 3
Товарный25 1984 6  16 7 27 108 2 8
Пассажирский38 1983 7  18 7 49 112 2 9
Товарный2 1983 6  18 9 28 119 2 12
Скорый27 1982 8  16 8 16 106 0 15
Пассажирский3 1982 8  13 8 21 123 1 15
Пассажирский8 1984 8  14 5 49 100 1 15
Товарный38 1983 8  21 8 0 117 1 13
Пассажирский26 1982 7  20 6 41 113 2 13
Скорый16 1982 8  15 4 43 116 2 8
Пассажирский15 1983 7  21 7 34 118 0 13
Скорый6 1984 7  11 5 42 113 0 23
Пассажирский14 1982 8  10 8 51 113 0 15
Товарный35 1983 7  15 7 19 100 0 5
Товарный5 1984 6  20 8 16 107 0 22
Товарный7 1984 6  17 8 1 113 2 4
Товарный33 1982 6  16 9 25 106 2 17
Товарный1 1984 8  16 4 19 115 2 19
Пассажирский3 1984 8  10 9 56 107 2 17
Товарный23 1982 8  20 6 34 112 1 5
Пассажирский24 1983 8  21 4 49 114 1 20
Скорый12 1983 7  17 7 8 118 1 20
Скорый25 1982 6  21 6 45 115 2 0
Пассажирский20 1984 6  16 9 27 108 2 5
Товарный28 1984 7  14 6 42 123 1 12
Товарный20 1982 7  13 6 10 116 2 21
Пассажирский33 1982 6  15 8 10 108 0 11
Товарный29 1984 6  13 9 31 116 0 21
Товарный26 1983 6  14 9 5 111 0 18
Товарный25 1982 8  12 8 18 100 1 9
Скорый28 1984 6  19 6 8 117 2 19
Товарный6 1983 7  20 8 44 99 0 6
Скорый27 1982 6  18 7 19 115 1 18
Товарный3 1983 8  12 5 3 119 0 4
Пассажирский37 1984 7  21 6 50 113 0 15
Пассажирский40 1983 6  11 9 16 99 1 18
Товарный28 1984 7  14 7 49 118 2 13
Товарный19 1984 6  13 6 25 104 0 1
Скорый17 1984 8  13 9 36 107 0 3
Пассажирский15 1983 8  15 4 53 112 2 11
Пассажирский15 1983 6  10 5 5 103 1 1
Товарный23 1982 6  20 4 5 115 0 21
Скорый37 1984 7  17 6 48 113 1 4
Скорый19 1984 7  15 6 41 114 0 2
Пассажирский40 1983 7  18 4 26 111 1 4
Товарный17 1984 7  16 7 27 103 0 2
Пассажирский40 1983 8  14 7 2 117 2 21
Пассажирский8 1982 8  12 9 35 101 1 2
Пассажирский17 1984 7  14 4 20 99 0 13
Скорый32 1983 6  12 6 39 109 2 21
Скорый28 1982 8  12 4 39 116 1 13
Скорый14 1983 6  19 5 0 122 1 10
Товарный38 1982 6  11 8 29 99 2 19
Товарный38 1983 6  19 5 0 100 1 7
Скорый9 1983 6  15 4 33 122 1 7
Скорый33 1982 8  17 9 46 107 1 23
Товарный18 1983 8  12 7 9 99 2 4
Скорый25 1983 7  12 6 52 121 0 16
Пассажирский26 1982 7  14 9 37 106 2 9
Скорый1 1984 7  16 7 24 101 2 15
Скорый24 1984 6  17 7 55 118 2 7
Пассажирский10 1982 7  14 7 10 116 0 7
Скорый39 1982 7  19 7 35 99 1 21
Пассажирский3 1984 8  15 7 52 115 0 7
Товарный3 1984 8  20 5 58 112 2 10
Товарный33 1984 8  13 6 47 118 1 20
Товарный1 1982 8  21 6 6 119 0 3
Скорый23 1984 8  14 6 0 108 2 23
Товарный31 1982 7  19 8 4 118 1 21
Пассажирский15 1983 7  11 5 45 120 2 6
Пассажирский17 1983 7  13 7 38 100 1 20
Товарный17 1983 8  19 6 42 106 0 8
Скорый13 1984 6  16 8 55 111 0 5
Скорый18 1982 7  17 7 51 110 1 5
Скорый1 1984 6  10 4 56 113 2 1
Товарный8 1982 6  14 9 16 116 2 5
Скорый3 1982 6  13 8 31 112 0 10
Пассажирский20 1982 7  15 8 55 101 2 10
Пассажирский17 1982 8  17 8 58 102 1 18
Товарный25 1982 8  14 6 21 122 1 23
Пассажирский2 1983 6  12 9 17 115 0 2
Товарный12 1983 8  11 5 35 102 0 2
Пассажирский36 1984 8  21 7 32 112 2 7
Пассажирский21 1982 6  21 9 50 116 1 15
Товарный22 1984 8  12 5 52 104 1 4
Товарный20 1984 7  18 6 29 104 0 6
Товарный16 1983 7  13 5 56 105 1 3
Скорый22 1982 6  12 7 33 100 0 0
Пассажирский26 1983 7  10 7 38 104 2 13
Пассажирский2 1984 6  14 8 34 113 1 22
Скорый10 1982 6  21 4 50 122 2 20
Пассажирский38 1982 8  17 8 22 101 2 18
Товарный1 1984 6  13 7 11 106 0 22
Скорый7 1983 7  14 4 15 118 2 9
Пассажирский15 1983 7  20 4 37 121 0 21
Товарный17 1983 7  12 5 45 106 0 8
Пассажирский14 1984 7  18 5 2 113 2 3
Скорый19 1984 7  13 5 59 122 2 6
Пассажирский20 1983 6  21 7 36 103 2 19
Товарный14 1983 8  19 7 37 123 2 19
Скорый28 1983 7  17 5 2 108 1 14
Пассажирский31 1983 6  12 8 26 107 0 7
Скорый39 1983 8  13 7 50 107 2 11
Скорый2 1982 8  13 9 40 108 2 5
Товарный7 1982 6  14 5 23 122 0 11
Товарный33 1983 7  15 5 29 120 1 9
Пассажирский4 1984 6  15 9 7 114 2 11
Скорый37 1983 6  19 6 24 116 2 22
Товарный25 1982 6  13 7 6 120 1 10
Товарный28 1983 8  16 9 28 100 1 5
Пассажирский33 1984 8  12 6 8 104 0 20
Пассажирский27 1982 6  14 4 31 105 2 19
Пассажирский38 1984 6  11 8 29 107 0 16
Товарный21 1982 7  16 5 59 116 0 10
Товарный18 1984 6  19 9 51 117 2 15
Товарный20 1983 6  18 5 8 123 1 2
Пассажирский9 1984 7  14 5 12 114 2 5
Скорый23 1983 8  20 8 34 118 1 8
Товарный13 1983 8  19 7 21 114 2 21
Пассажирский12 1984 6  18 9 1 103 1 16
Пассажирский20 1984 6  12 7 37 103 2 23
Товарный31 1984 6  21 6 17 113 2 23
Пассажирский23 1983 6  12 4 46 100 1 21
Пассажирский12 1984 8  17 5 59 121 2 11
Скорый36 1983 8  13 9 33 107 0 22
Товарный17 1982 6  20 7 24 110 0 6
Товарный22 1984 8  21 5 4 119 2 17
Товарный39 1983 6  15 9 49 117 1 0
Товарный10 1984 7  17 6 25 106 0 6
Товарный25 1983 8  15 8 47 112 1 12
Товарный5 1984 8  21 7 16 99 0 9
Пассажирский37 1984 7  10 5 57 102 1 22
Скорый28 1982 6  15 6 46 121 2 17
Товарный19 1983 8  11 6 7 114 1 3
Скорый11 1982 7  13 8 12 101 2 15
Товарный28 1982 7  10 9 29 119 1 0
Пассажирский34 1983 6  17 7 29 117 2 2
Скорый28 1984 7  20 7 32 117 0 7
Товарный4 1982 6  16 6 32 100 2 10
Скорый34 1983 6  13 8 28 114 2 15
Пассажирский25 1982 8  13 9 40 110 0 18
Скорый39 1984 6  15 4 37 102 2 12
Скорый31 1982 6  15 7 57 118 2 4
Пассажирский37 1983 7  16 6 22 103 0 22
Скорый4 1982 7  13 9 18 120 2 23
Пассажирский9 1983 6  15 6 31 111 1 5
Пассажирский6 1982 8  10 9 12 113 1 19
Скорый11 1982 8  16 6 27 120 1 5
Товарный21 1982 7  20 5 16 120 2 8
Пассажирский29 1982 8  20 8 11 115 1 6
Пассажирский17 1984 7  13 5 28 102 0 11
Пассажирский26 1983 7  14 7 57 100 0 15
Пассажирский24 1984 6  19 9 46 113 0 3
Скорый25 1983 7  11 7 55 105 2 19
Пассажирский27 1982 7  15 9 52 118 0 2
Скорый9 1983 8  11 8 41 119 1 4
Скорый9 1983 7  14 8 46 119 1 15
Пассажирский30 1982 8  13 6 57 99 2 14
Товарный11 1983 6  19 4 38 117 0 11
Товарный21 1983 8  12 9 2 102 2 7
Скорый33 1984 6  16 6 2 113 2 10
Товарный4 1983 7  12 7 32 122 0 13
Товарный28 1982 7  13 8 51 111 0 4
Товарный29 1983 7  20 7 34 117 0 16
Скорый30 1983 8  10 9 8 110 0 4
Товарный20 1983 6  20 6 0 104 2 10
Скорый14 1983 7  10 4 56 104 1 17
Скорый14 1984 8  13 8 15 121 0 11
Скорый31 1982 6  12 5 33 112 1 18
Скорый12 1983 7  15 9 27 112 1 1
Скорый35 1983 6  18 5 27 111 2 22
Скорый16 1982 7  19 7 15 116 1 16
Товарный4 1983 6  14 7 12 103 2 4
Скорый31 1984 7  21 8 7 101 1 6
Пассажирский11 1983 7  19 6 43 117 2 0
Пассажирский7 1983 8  16 9 49 115 0 9
Скорый20 1983 7  16 8 15 117 2 0
Скорый18 1983 8  21 6 56 110 1 12
Товарный24 1982 6  20 6 52 123 0 21
Скорый11 1982 8  21 6 58 101 0 15
Товарный4 1983 8  11 6 17 112 0 20
Товарный40 1983 8  10 7 4 116 2 14
Скорый11 1982 7  16 5 45 114 0 15
Скорый32 1982 6  12 6 33 100 0 13
Товарный7 1982 7  18 5 34 118 1 16
Пассажирский23 1982 8  19 9 38 112 0 10
Пассажирский21 1982 8  15 4 40 114 1 21
Скорый39 1982 8  16 9 3 117 0 12
Пассажирский1 1984 8  18 4 29 107 1 10
Пассажирский24 1984 7  20 9 54 120 1 18
Скорый14 1983 6  16 4 10 107 1 2
Товарный35 1982 8  12 7 51 100 1 21
Товарный19 1984 6  11 7 45 119 2 7
Товарный11 1982 7  10 7 21 116 1 10
Пассажирский18 1984 8  14 9 24 107 0 5
Скорый13 1983 8  16 5 35 118 1 10
Скорый26 1984 7  12 8 5 119 2 9
Пассажирский17 1982 6  11 4 30 115 0 4
Товарный7 1984 7  18 7 47 119 1 15
Пассажирский24 1982 7  14 5 49 123 1 5
Пассажирский31 1983 7  15 5 28 107 2 11
Скорый24 1984 6  16 7 38 115 2 6
Пассажирский8 1982 8  19 7 48 114 1 0
Товарный6 1983 8  18 6 56 120 1 15
Скорый24 1982 6  18 6 10 113 0 23
Товарный3 1984 8  13 8 20 123 0 19
Скорый13 1984 8  19 6 37 120 0 10
Скорый25 1984 7  19 6 16 100 2 11
Скорый14 1984 8  11 6 25 117 1 9
Товарный7 1982 8  16 4 1 104 1 6
Скорый17 1984 6  19 9 10 105 2 20
Товарный27 1984 6  16 5 5 110 0 8
Пассажирский38 1982 6  14 4 45 121 1 18
Пассажирский15 1983 6  19 5 2 109 0 10
Товарный26 1983 7  14 5 37 116 0 16
Скорый14 1983 8  16 4 13 118 1 3
Пассажирский40 1982 8  17 9 48 116 2 22
Товарный33 1982 6  17 5 21 103 1 21
Пассажирский5 1983 7  15 8 10 104 0 22
Пассажирский29 1982 7  14 5 45 115 2 3
Пассажирский26 1983 7  15 7 34 100 1 5
Товарный14 1982 6  17 9 28 118 0 16
Пассажирский16 1983 7  18 4 20 117 0 15
Товарный33 1983 6  10 8 12 114 2 3
Скорый6 1984 6  10 6 22 112 0 6
Пассажирский6 1982 8  19 5 34 111 0 1
Скорый38 1983 6  15 5 39 100 1 10
Пассажирский5 1983 6  18 4 32 118 2 19
Скорый24 1984 6  15 9 44 116 2 23
Скорый10 1982 8  13 6 4 112 2 2
Товарный6 1983 7  11 6 3 119 0 19
Пассажирский3 1983 8  13 9 8 102 0 15
Скорый17 1983 7  14 7 17 119 2 22
Товарный32 1984 8  15 6 41 106 2 7
Скорый27 1983 8  17 9 51 112 2 7
Скорый4 1984 7  16 8 32 106 2 14
Скорый39 1984 8  19 4 34 121 1 20
Скорый19 1982 6  15 6 10 118 2 19
Скорый38 1984 7  11 7 4 119 1 17
Пассажирский4 1984 6  12 7 56 123 1 4
Товарный19 1984 6  15 9 18 117 2 20
Пассажирский40 1983 7  18 5 31 108 1 19
Пассажирский8 1984 8  10 8 46 116 0 16
Скорый27 1983 7  13 4 1 115 2 1
Товарный25 1982 8  17 5 18 100 2 17
Пассажирский34 1983 6  21 7 12 111 0 18
Скорый17 1984 6  13 5 47 101 2 15
Скорый29 1983 8  10 8 33 114 2 16
Скорый3 1983 8  13 5 56 108 1 5
Пассажирский31 1982 6  10 6 57 113 0 11
Пассажирский28 1983 6  19 6 39 118 0 19
Товарный11 1984 6  11 5 16 101 0 1
Пассажирский6 1982 7  12 8 42 112 0 10
Пассажирский17 1983 8  20 6 38 115 2 18
Пассажирский7 1984 8  16 5 8 120 0 9
Пассажирский8 1984 8  14 4 42 100 0 15
Пассажирский28 1984 7  14 9 38 122 1 13
Скорый37 1982 7  14 5 27 106 2 20
Товарный8 1983 6  20 8 48 123 0 21
Скорый21 1984 8  14 8 34 117 0 11
Товарный17 1982 8  14 5 1 112 0 6
Товарный31 1983 8  17 5 58 116 1 18
Пассажирский3 1984 8  13 4 46 109 1 12
Пассажирский14 1982 8  11 6 2 106 1 15
Пассажирский14 1983 8  10 6 17 115 1 2
Товарный21 1983 7  17 7 16 122 2 11
Пассажирский13 1984 8  20 6 49 108 0 19
Товарный2 1982 8  12 5 13 107 1 4
Товарный16 1983 6  12 5 45 117 0 1
Товарный31 1982 6  16 8 8 113 1 23
Скорый37 1982 6  19 7 22 123 2 5
Товарный7 1983 6  11 9 55 104 1 13
Товарный10 1984 8  10 5 16 120 2 1
Товарный6 1982 8  19 7 12 115 1 12
Пассажирский21 1982 7  10 4 52 105 0 2
Скорый27 1982 8  13 5 8 119 1 1
Товарный39 1984 6  20 6 19 101 1 1
Товарный34 1983 7  18 5 14 123 2 20
Товарный21 1983 8  13 9 39 111 0 2
Скорый12 1984 8  19 4 58 104 1 12
Пассажирский9 1984 6  21 5 39 119 2 14
Товарный26 1984 6  20 8 36 115 1 21
Скорый40 1982 6  19 9 6 109 1 22
Товарный9 1984 8  18 9 15 99 2 15
Пассажирский29 1984 8  13 6 27 110 2 9
Товарный23 1982 8  18 7 44 100 1 0
Товарный5 1982 7  15 4 7 102 1 8
Товарный31 1983 8  16 6 0 101 2 4
Пассажирский4 1984 6  17 4 28 100 1 22
Пассажирский33 1983 6  11 9 21 117 1 10
Пассажирский40 1983 6  10 7 35 101 2 13
Скорый14 1982 7  13 8 12 119 2 10
Скорый3 1983 8  21 8 56 106 0 7
Пассажирский1 1982 7  11 9 40 108 0 14
Товарный39 1984 8  14 9 52 119 2 2
Скорый17 1983 8  11 8 45 110 1 7
Товарный12 1984 7  14 9 30 118 1 15
Скорый13 1984 8  17 9 36 107 1 2
Скорый21 1983 6  18 7 49 104 2 13
Пассажирский1 1984 7  18 9 54 104 0 1
Товарный20 1982 7  14 4 58 115 1 8
Товарный16 1983 8  18 5 50 102 0 13
Скорый18 1982 8  20 4 41 116 0 23
Товарный18 1982 6  13 4 19 99 0 20
Скорый19 1984 7  10 9 33 113 1 6
Товарный7 1982 8  13 9 50 120 1 16
Пассажирский8 1983 8  13 5 1 110 1 0
Товарный36 1983 6  18 4 48 117 0 16
Товарный23 1983 6  15 6 9 117 1 18
Пассажирский5 1983 8  10 5 8 113 1 2
Товарный24 1982 6  20 7 57 115 0 3
Товарный19 1983 6  10 6 47 115 1 16
Товарный16 1984 6  13 6 23 106 1 8
Скорый32 1984 6  13 5 20 110 0 9
Товарный11 1982 7  20 4 3 104 1 14
Пассажирский16 1982 6  19 5 18 114 0 20
Скорый13 1983 7  15 9 47 113 2 0
Скорый2 1983 8  18 6 46 122 1 8
Товарный18 1982 6  21 4 16 112 1 4
Пассажирский22 1982 8  21 5 42 117 1 23
Пассажирский30 1983 8  13 5 52 103 1 0
Скорый1 1982 8  19 8 23 101 2 20
Товарный14 1982 6  19 7 49 123 1 11
Пассажирский30 1983 6  14 4 26 117 1 17
Пассажирский40 1984 6  17 6 18 111 2 1
Товарный15 1984 8  15 5 34 111 1 6
Пассажирский9 1983 7  20 9 19 120 2 6
Пассажирский28 1984 7  13 6 52 99 1 6
Товарный5 1983 8  14 4 6 103 1 22
Товарный34 1984 6  15 5 20 114 0 4
Пассажирский19 1984 7  13 7 4 104 2 11
Пассажирский24 1984 7  10 6 43 113 0 6
Пассажирский1 1984 8  19 7 17 103 2 16
Товарный29 1983 8  11 4 57 118 0 15
Скорый13 1984 8  16 5 19 107 2 6
Товарный13 1983 8  12 8 31 102 0 11
Скорый6 1984 7  19 8 33 100 2 5
Товарный21 1982 7  14 4 4 103 2 15
Пассажирский34 1983 6  17 5 32 115 1 20
Пассажирский21 1984 7  18 9 17 109 1 22
Товарный17 1984 6  15 7 34 101 1 4
Товарный38 1982 6  15 8 43 108 1 2
Скорый33 1982 7  20 6 58 104 1 9
Товарный35 1984 6  15 8 32 112 2 3
Скорый26 1983 6  17 6 58 111 1 19
Товарный27 1982 8  21 4 4 120 0 1
Товарный12 1982 7  17 7 7 123 1 12
Пассажирский7 1984 7  11 8 41 103 2 0
Скорый8 1982 6  16 5 17 121 0 9
Товарный17 1982 7  20 5 57 123 2 12
Пассажирский12 1982 7  16 6 23 102 2 21
Товарный6 1984 7  19 5 36 108 1 1
Пассажирский35 1982 7  10 4 23 100 0 20
Пассажирский21 1982 8  17 9 45 107 0 8
Пассажирский11 1984 7  13 6 37 102 2 13
Пассажирский23 1984 6  17 8 56 121 2 23
Скорый24 1982 8  13 6 5 111 2 12
Скорый9 1982 7  14 6 53 111 1 16
Товарный25 1983 6  14 9 13 100 2 23
Скорый7 1983 8  17 5 36 114 0 5
Скорый8 1982 6  10 5 0 112 0 22
Скорый12 1983 8  11 8 4 113 0 1
Пассажирский31 1982 7  20 9 40 103 2 23
Скорый7 1983 6  21 9 44 121 1 10
Пассажирский9 1983 8  21 6 58 115 2 10
Пассажирский30 1982 6  18 6 4 104 1 5
Скорый23 1983 8  13 5 36 121 1 10
Скорый9 1984 7  18 8 44 103 2 9
Пассажирский20 1983 7  11 8 42 103 0 13
Пассажирский32 1983 8  21 6 39 100 1 9
Пассажирский2 1983 8  21 5 49 102 2 6
Скорый38 1984 6  17 6 53 116 2 12
Скорый37 1984 7  11 9 48 120 1 16
Товарный18 1982 6  11 9 58 100 0 7
Пассажирский24 1983 7  20 6 25 104 1 21
Пассажирский34 1984 6  11 6 42 112 1 5
Товарный39 1983 8  13 8 43 99 0 23
Скорый11 1982 7  14 8 49 112 0 4
Скорый20 1984 7  14 7 56 110 0 14
Пассажирский14 1983 6  17 9 24 107 1 19
Скорый13 1983 8  10 9 38 115 0 19
Скорый37 1983 8  20 9 16 115 0 19
Товарный37 1982 6  12 4 57 123 1 20
Скорый30 1982 7  21 6 27 112 0 19
Товарный33 1982 8  10 9 8 103 0 9
Скорый29 1983 8  21 8 52 102 1 0
Пассажирский22 1983 7  16 6 55 100 1 5
Пассажирский9 1982 8  18 5 35 118 2 12
Скорый1 1982 6  17 5 31 100 2 16
Скорый40 1982 6  15 8 8 100 2 6
Товарный23 1982 7  12 4 41 115 1 21
Товарный11 1984 8  12 7 47 105 2 18
Пассажирский22 1983 6  19 5 20 119 1 7
Скорый17 1983 7  18 5 5 109 0 10
Пассажирский10 1983 8  15 9 51 102 2 0
Товарный38 1982 7  18 7 6 104 2 21
Товарный27 1983 8  12 9 30 120 1 13
Скорый36 1982 8  12 4 51 119 2 5
Пассажирский7 1982 8  11 6 46 110 0 3
Пассажирский13 1983 6  10 7 57 120 2 15
Товарный20 1984 6  12 8 10 108 0 14
Пассажирский30 1983 6  18 9 37 112 0 22
Пассажирский16 1982 7  17 8 20 119 2 12
Скорый7 1982 7  21 7 54 123 1 1
Товарный12 1984 7  19 5 22 101 1 13
Товарный26 1984 8  13 4 41 108 0 6
Товарный5 1984 6  21 6 42 122 1 6
Пассажирский26 1984 7  17 4 40 99 1 22
Товарный29 1984 8  14 4 35 113 2 21
Скорый38 1983 7  18 9 37 118 2 2
Товарный18 1983 6  15 6 24 100 1 14
Товарный6 1983 8  13 4 36 116 1 6
Товарный4 1983 7  21 4 33 101 1 22
Скорый20 1983 6  14 5 55 123 1 21
Пассажирский28 1982 7  19 6 8 107 2 16
Пассажирский22 1982 8  12 5 54 108 1 12
